contours_list
[[1, 1]]
[[1, 476]]
[[476, 476]]
[[476, 264]]
[[476, 271]]
[[475, 272]]
[[475, 279]]
[[474, 280]]
[[474, 284]]
[[473, 285]]
[[473, 289]]
[[472, 290]]
[[472, 294]]
[[471, 295]]
[[471, 298]]
[[470, 299]]
[[470, 302]]
[[469, 303]]
[[469, 306]]
[[468, 307]]
[[468, 309]]
[[467, 310]]
[[467, 313]]
[[466, 314]]
[[466, 315]]
[[465, 316]]
[[465, 319]]
[[464, 320]]
[[464, 322]]
[[463, 323]]
[[463, 324]]
[[462, 325]]
[[462, 327]]
[[461, 328]]
[[461, 329]]
[[460, 330]]
[[460, 332]]
[[459, 333]]
[[459, 334]]
[[458, 335]]
[[458, 336]]
[[457, 337]]
[[457, 339]]
[[456, 340]]
[[456, 341]]
[[455, 342]]
[[455, 343]]
[[454, 344]]
[[454, 345]]
[[453, 346]]
[[453, 347]]
[[452, 348]]
[[452, 349]]
[[451, 350]]
[[451, 351]]
[[450, 352]]
[[450, 353]]
[[449, 354]]
[[449, 355]]
[[448, 356]]
[[448, 357]]
[[447, 358]]
[[447, 359]]
[[445, 361]]
[[445, 362]]
[[444, 363]]
[[444, 364]]
[[442, 366]]
[[442, 367]]
[[440, 369]]
[[440, 370]]
[[439, 371]]
[[439, 372]]
[[437, 374]]
[[437, 375]]
[[435, 377]]
[[435, 378]]
[[432, 381]]
[[432, 382]]
[[429, 385]]
[[429, 386]]
[[426, 389]]
[[426, 390]]
[[420, 396]]
[[420, 397]]
[[413, 404]]
[[413, 405]]
[[410, 408]]
[[409, 408]]
[[408, 409]]
[[406, 407]]
[[406, 406]]
[[404, 404]]
[[404, 403]]
[[402, 401]]
[[402, 400]]
[[400, 398]]
[[400, 397]]
[[389, 386]]
[[388, 386]]
[[386, 384]]
[[385, 384]]
[[383, 382]]
[[382, 382]]
[[381, 381]]
[[380, 381]]
[[379, 380]]
[[378, 380]]
[[377, 379]]
[[376, 379]]
[[375, 378]]
[[373, 378]]
[[372, 377]]
[[369, 377]]
[[368, 376]]
[[363, 376]]
[[362, 375]]
[[345, 375]]
[[344, 374]]
[[342, 374]]
[[341, 373]]
[[339, 373]]
[[338, 372]]
[[337, 372]]
[[336, 371]]
[[335, 371]]
[[333, 369]]
[[332, 369]]
[[330, 367]]
[[329, 367]]
[[326, 364]]
[[325, 364]]
[[321, 360]]
[[320, 360]]
[[317, 357]]
[[316, 357]]
[[312, 361]]
[[312, 362]]
[[308, 366]]
[[308, 367]]
[[310, 369]]
[[311, 369]]
[[316, 374]]
[[317, 374]]
[[321, 378]]
[[322, 378]]
[[324, 380]]
[[325, 380]]
[[326, 381]]
[[327, 381]]
[[329, 383]]
[[330, 383]]
[[331, 384]]
[[332, 384]]
[[333, 385]]
[[334, 385]]
[[335, 386]]
[[337, 386]]
[[338, 387]]
[[341, 387]]
[[342, 388]]
[[360, 388]]
[[361, 389]]
[[365, 389]]
[[366, 390]]
[[369, 390]]
[[370, 391]]
[[371, 391]]
[[372, 392]]
[[373, 392]]
[[374, 393]]
[[375, 393]]
[[376, 394]]
[[377, 394]]
[[379, 396]]
[[380, 396]]
[[389, 405]]
[[389, 406]]
[[392, 409]]
[[392, 410]]
[[394, 412]]
[[394, 413]]
[[395, 414]]
[[395, 415]]
[[396, 416]]
[[396, 417]]
[[397, 418]]
[[397, 420]]
[[393, 424]]
[[392, 424]]
[[388, 428]]
[[387, 428]]
[[383, 432]]
[[382, 432]]
[[379, 435]]
[[378, 435]]
[[376, 437]]
[[375, 437]]
[[373, 439]]
[[372, 439]]
[[370, 441]]
[[369, 441]]
[[367, 443]]
[[366, 443]]
[[364, 445]]
[[363, 445]]
[[362, 446]]
[[361, 446]]
[[359, 448]]
[[358, 448]]
[[357, 449]]
[[356, 449]]
[[355, 450]]
[[354, 450]]
[[352, 452]]
[[351, 452]]
[[350, 453]]
[[349, 453]]
[[348, 452]]
[[348, 451]]
[[347, 450]]
[[347, 449]]
[[346, 448]]
[[346, 447]]
[[345, 446]]
[[345, 445]]
[[344, 444]]
[[344, 443]]
[[343, 442]]
[[343, 441]]
[[341, 439]]
[[341, 438]]
[[339, 436]]
[[339, 435]]
[[337, 433]]
[[337, 432]]
[[326, 421]]
[[325, 421]]
[[323, 419]]
[[322, 419]]
[[321, 418]]
[[320, 418]]
[[319, 417]]
[[318, 417]]
[[317, 416]]
[[316, 416]]
[[315, 415]]
[[313, 415]]
[[312, 414]]
[[309, 414]]
[[308, 413]]
[[302, 413]]
[[302, 426]]
[[304, 426]]
[[305, 427]]
[[309, 427]]
[[310, 428]]
[[312, 428]]
[[314, 430]]
[[315, 430]]
[[317, 432]]
[[318, 432]]
[[326, 440]]
[[326, 441]]
[[329, 444]]
[[329, 445]]
[[331, 447]]
[[331, 448]]
[[332, 449]]
[[332, 450]]
[[333, 451]]
[[333, 452]]
[[334, 453]]
[[334, 454]]
[[335, 455]]
[[335, 456]]
[[336, 457]]
[[336, 459]]
[[335, 460]]
[[334, 460]]
[[333, 461]]
[[332, 461]]
[[331, 462]]
[[329, 462]]
[[328, 463]]
[[327, 463]]
[[326, 464]]
[[324, 464]]
[[323, 465]]
[[321, 465]]
[[320, 466]]
[[319, 466]]
[[318, 467]]
[[316, 467]]
[[315, 468]]
[[313, 468]]
[[312, 469]]
[[310, 469]]
[[309, 470]]
[[306, 470]]
[[305, 471]]
[[303, 471]]
[[302, 472]]
[[299, 472]]
[[298, 473]]
[[295, 473]]
[[294, 474]]
[[291, 474]]
[[290, 475]]
[[285, 475]]
[[284, 476]]
[[283, 475]]
[[280, 475]]
[[279, 474]]
[[278, 474]]
[[273, 469]]
[[273, 468]]
[[271, 466]]
[[271, 465]]
[[270, 464]]
[[270, 463]]
[[269, 462]]
[[269, 460]]
[[268, 459]]
[[268, 457]]
[[267, 456]]
[[267, 454]]
[[266, 453]]
[[266, 450]]
[[265, 449]]
[[265, 444]]
[[264, 443]]
[[264, 437]]
[[263, 436]]
[[263, 422]]
[[262, 421]]
[[262, 414]]
[[261, 413]]
[[261, 411]]
[[260, 410]]
[[260, 409]]
[[259, 408]]
[[259, 407]]
[[253, 401]]
[[252, 401]]
[[251, 400]]
[[250, 400]]
[[249, 399]]
[[245, 399]]
[[244, 398]]
[[238, 398]]
[[237, 399]]
[[234, 399]]
[[233, 400]]
[[231, 400]]
[[230, 401]]
[[229, 401]]
[[224, 406]]
[[224, 407]]
[[222, 409]]
[[222, 411]]
[[221, 412]]
[[221, 414]]
[[220, 415]]
[[220, 425]]
[[219, 426]]
[[219, 437]]
[[218, 438]]
[[218, 444]]
[[217, 445]]
[[217, 449]]
[[216, 450]]
[[216, 453]]
[[215, 454]]
[[215, 457]]
[[214, 458]]
[[214, 460]]
[[213, 461]]
[[213, 462]]
[[212, 463]]
[[212, 464]]
[[211, 465]]
[[211, 466]]
[[210, 467]]
[[210, 468]]
[[204, 474]]
[[203, 474]]
[[202, 475]]
[[194, 475]]
[[193, 474]]
[[189, 474]]
[[188, 473]]
[[185, 473]]
[[184, 472]]
[[182, 472]]
[[181, 471]]
[[178, 471]]
[[177, 470]]
[[175, 470]]
[[174, 469]]
[[172, 469]]
[[171, 468]]
[[169, 468]]
[[168, 467]]
[[166, 467]]
[[165, 466]]
[[163, 466]]
[[162, 465]]
[[160, 465]]
[[159, 464]]
[[158, 464]]
[[157, 463]]
[[155, 463]]
[[154, 462]]
[[153, 462]]
[[152, 461]]
[[150, 461]]
[[149, 460]]
[[148, 460]]
[[147, 459]]
[[147, 458]]
[[148, 457]]
[[148, 456]]
[[149, 455]]
[[149, 454]]
[[150, 453]]
[[150, 452]]
[[151, 451]]
[[151, 450]]
[[152, 449]]
[[152, 448]]
[[153, 447]]
[[153, 446]]
[[155, 444]]
[[155, 443]]
[[158, 440]]
[[158, 439]]
[[164, 433]]
[[165, 433]]
[[168, 430]]
[[169, 430]]
[[170, 429]]
[[171, 429]]
[[172, 428]]
[[173, 428]]
[[174, 427]]
[[178, 427]]
[[179, 426]]
[[182, 426]]
[[182, 413]]
[[175, 413]]
[[174, 414]]
[[171, 414]]
[[170, 415]]
[[168, 415]]
[[167, 416]]
[[166, 416]]
[[165, 417]]
[[164, 417]]
[[163, 418]]
[[162, 418]]
[[161, 419]]
[[160, 419]]
[[157, 422]]
[[156, 422]]
[[148, 430]]
[[148, 431]]
[[145, 434]]
[[145, 435]]
[[143, 437]]
[[143, 438]]
[[141, 440]]
[[141, 441]]
[[140, 442]]
[[140, 443]]
[[139, 444]]
[[139, 445]]
[[138, 446]]
[[138, 447]]
[[137, 448]]
[[137, 449]]
[[136, 450]]
[[136, 451]]
[[134, 453]]
[[133, 452]]
[[132, 452]]
[[131, 451]]
[[130, 451]]
[[129, 450]]
[[128, 450]]
[[127, 449]]
[[126, 449]]
[[124, 447]]
[[123, 447]]
[[122, 446]]
[[121, 446]]
[[119, 444]]
[[118, 444]]
[[117, 443]]
[[116, 443]]
[[114, 441]]
[[113, 441]]
[[111, 439]]
[[110, 439]]
[[107, 436]]
[[106, 436]]
[[104, 434]]
[[103, 434]]
[[99, 430]]
[[98, 430]]
[[95, 427]]
[[94, 427]]
[[89, 422]]
[[88, 422]]
[[86, 420]]
[[86, 418]]
[[87, 417]]
[[87, 416]]
[[88, 415]]
[[88, 414]]
[[90, 412]]
[[90, 411]]
[[92, 409]]
[[92, 408]]
[[95, 405]]
[[95, 404]]
[[102, 397]]
[[103, 397]]
[[105, 395]]
[[106, 395]]
[[108, 393]]
[[109, 393]]
[[110, 392]]
[[111, 392]]
[[112, 391]]
[[114, 391]]
[[115, 390]]
[[117, 390]]
[[118, 389]]
[[123, 389]]
[[124, 388]]
[[141, 388]]
[[142, 387]]
[[145, 387]]
[[146, 386]]
[[148, 386]]
[[149, 385]]
[[150, 385]]
[[151, 384]]
[[152, 384]]
[[153, 383]]
[[154, 383]]
[[155, 382]]
[[156, 382]]
[[158, 380]]
[[159, 380]]
[[160, 379]]
[[161, 379]]
[[164, 376]]
[[165, 376]]
[[170, 371]]
[[171, 371]]
[[175, 367]]
[[175, 366]]
[[174, 365]]
[[174, 364]]
[[167, 357]]
[[166, 357]]
[[161, 362]]
[[160, 362]]
[[157, 365]]
[[156, 365]]
[[153, 368]]
[[152, 368]]
[[150, 370]]
[[149, 370]]
[[148, 371]]
[[147, 371]]
[[146, 372]]
[[145, 372]]
[[144, 373]]
[[143, 373]]
[[142, 374]]
[[140, 374]]
[[139, 375]]
[[121, 375]]
[[120, 376]]
[[115, 376]]
[[114, 377]]
[[111, 377]]
[[110, 378]]
[[109, 378]]
[[108, 379]]
[[106, 379]]
[[105, 380]]
[[104, 380]]
[[103, 381]]
[[102, 381]]
[[101, 382]]
[[100, 382]]
[[98, 384]]
[[97, 384]]
[[94, 387]]
[[93, 387]]
[[86, 394]]
[[86, 395]]
[[82, 399]]
[[82, 400]]
[[80, 402]]
[[80, 403]]
[[78, 405]]
[[78, 406]]
[[75, 409]]
[[64, 398]]
[[64, 397]]
[[59, 392]]
[[59, 391]]
[[55, 387]]
[[55, 386]]
[[52, 383]]
[[52, 382]]
[[50, 380]]
[[50, 379]]
[[47, 376]]
[[47, 375]]
[[45, 373]]
[[45, 372]]
[[43, 370]]
[[43, 369]]
[[41, 367]]
[[41, 366]]
[[40, 365]]
[[40, 364]]
[[39, 363]]
[[39, 362]]
[[37, 360]]
[[37, 359]]
[[36, 358]]
[[36, 357]]
[[35, 356]]
[[35, 355]]
[[34, 354]]
[[34, 353]]
[[32, 351]]
[[32, 350]]
[[31, 349]]
[[31, 348]]
[[30, 347]]
[[30, 345]]
[[28, 343]]
[[28, 341]]
[[27, 340]]
[[27, 339]]
[[26, 338]]
[[26, 337]]
[[25, 336]]
[[25, 334]]
[[24, 333]]
[[24, 332]]
[[23, 331]]
[[23, 330]]
[[22, 329]]
[[22, 327]]
[[21, 326]]
[[21, 324]]
[[20, 323]]
[[20, 322]]
[[19, 321]]
[[19, 319]]
[[18, 318]]
[[18, 316]]
[[17, 315]]
[[17, 313]]
[[16, 312]]
[[16, 309]]
[[15, 308]]
[[15, 306]]
[[14, 305]]
[[14, 302]]
[[13, 301]]
[[13, 298]]
[[12, 297]]
[[12, 293]]
[[11, 292]]
[[11, 289]]
[[10, 288]]
[[10, 284]]
[[9, 283]]
[[9, 277]]
[[8, 276]]
[[8, 270]]
[[7, 269]]
[[7, 258]]
[[6, 257]]
[[6, 256]]
[[7, 255]]
[[109, 255]]
[[110, 256]]
[[112, 256]]
[[113, 257]]
[[115, 257]]
[[116, 258]]
[[117, 258]]
[[118, 259]]
[[119, 259]]
[[121, 261]]
[[122, 261]]
[[130, 269]]
[[130, 270]]
[[132, 272]]
[[132, 274]]
[[133, 275]]
[[133, 276]]
[[134, 277]]
[[134, 279]]
[[135, 280]]
[[135, 284]]
[[136, 285]]
[[136, 292]]
[[135, 293]]
[[135, 297]]
[[134, 298]]
[[134, 300]]
[[133, 301]]
[[133, 302]]
[[132, 303]]
[[132, 304]]
[[131, 305]]
[[131, 306]]
[[129, 308]]
[[129, 309]]
[[123, 315]]
[[122, 315]]
[[119, 318]]
[[118, 318]]
[[117, 319]]
[[116, 319]]
[[115, 320]]
[[113, 320]]
[[112, 321]]
[[109, 321]]
[[108, 322]]
[[96, 322]]
[[95, 321]]
[[92, 321]]
[[91, 320]]
[[89, 320]]
[[88, 319]]
[[87, 319]]
[[86, 318]]
[[85, 318]]
[[83, 316]]
[[82, 316]]
[[76, 310]]
[[76, 309]]
[[73, 306]]
[[73, 305]]
[[72, 304]]
[[72, 303]]
[[71, 302]]
[[71, 301]]
[[70, 300]]
[[70, 298]]
[[69, 297]]
[[69, 291]]
[[68, 290]]
[[68, 289]]
[[55, 289]]
[[55, 294]]
[[56, 295]]
[[56, 299]]
[[57, 300]]
[[57, 303]]
[[58, 304]]
[[58, 305]]
[[59, 306]]
[[59, 308]]
[[60, 309]]
[[60, 310]]
[[61, 311]]
[[61, 312]]
[[63, 314]]
[[63, 315]]
[[65, 317]]
[[65, 318]]
[[72, 325]]
[[73, 325]]
[[76, 328]]
[[77, 328]]
[[78, 329]]
[[79, 329]]
[[81, 331]]
[[83, 331]]
[[84, 332]]
[[85, 332]]
[[86, 333]]
[[88, 333]]
[[89, 334]]
[[92, 334]]
[[93, 335]]
[[100, 335]]
[[101, 336]]
[[103, 336]]
[[104, 335]]
[[111, 335]]
[[112, 334]]
[[115, 334]]
[[116, 333]]
[[118, 333]]
[[119, 332]]
[[121, 332]]
[[122, 331]]
[[123, 331]]
[[124, 330]]
[[125, 330]]
[[127, 328]]
[[128, 328]]
[[130, 326]]
[[131, 326]]
[[139, 318]]
[[139, 317]]
[[142, 314]]
[[142, 313]]
[[143, 312]]
[[143, 311]]
[[144, 310]]
[[144, 309]]
[[145, 308]]
[[145, 307]]
[[146, 306]]
[[146, 304]]
[[147, 303]]
[[147, 301]]
[[148, 300]]
[[148, 296]]
[[149, 295]]
[[149, 281]]
[[148, 280]]
[[148, 277]]
[[147, 276]]
[[147, 273]]
[[146, 272]]
[[146, 271]]
[[145, 270]]
[[145, 268]]
[[143, 266]]
[[143, 265]]
[[142, 264]]
[[142, 263]]
[[140, 261]]
[[140, 260]]
[[130, 250]]
[[129, 250]]
[[127, 248]]
[[126, 248]]
[[125, 247]]
[[124, 247]]
[[123, 246]]
[[122, 246]]
[[121, 245]]
[[119, 245]]
[[118, 244]]
[[117, 244]]
[[116, 243]]
[[113, 243]]
[[112, 242]]
[[107, 242]]
[[106, 241]]
[[7, 241]]
[[6, 240]]
[[6, 224]]
[[7, 223]]
[[7, 214]]
[[8, 213]]
[[8, 206]]
[[9, 205]]
[[9, 200]]
[[10, 199]]
[[10, 195]]
[[11, 194]]
[[11, 190]]
[[12, 189]]
[[12, 186]]
[[13, 185]]
[[13, 182]]
[[14, 181]]
[[14, 178]]
[[15, 177]]
[[15, 175]]
[[16, 174]]
[[16, 171]]
[[17, 170]]
[[17, 168]]
[[18, 167]]
[[18, 165]]
[[19, 164]]
[[19, 162]]
[[20, 161]]
[[20, 160]]
[[21, 159]]
[[21, 157]]
[[22, 156]]
[[22, 154]]
[[23, 153]]
[[23, 152]]
[[24, 151]]
[[24, 149]]
[[25, 148]]
[[25, 147]]
[[26, 146]]
[[26, 145]]
[[27, 144]]
[[27, 143]]
[[28, 142]]
[[28, 140]]
[[29, 139]]
[[29, 138]]
[[30, 137]]
[[30, 136]]
[[31, 135]]
[[31, 134]]
[[32, 133]]
[[32, 132]]
[[33, 131]]
[[33, 130]]
[[34, 129]]
[[34, 128]]
[[36, 126]]
[[36, 125]]
[[37, 124]]
[[37, 123]]
[[38, 122]]
[[38, 121]]
[[40, 119]]
[[40, 118]]
[[42, 116]]
[[42, 115]]
[[43, 114]]
[[43, 113]]
[[45, 111]]
[[45, 110]]
[[47, 108]]
[[47, 107]]
[[48, 106]]
[[49, 106]]
[[50, 107]]
[[50, 109]]
[[51, 110]]
[[51, 112]]
[[52, 113]]
[[52, 114]]
[[53, 115]]
[[53, 117]]
[[55, 119]]
[[55, 120]]
[[56, 121]]
[[56, 122]]
[[58, 124]]
[[58, 125]]
[[61, 128]]
[[61, 129]]
[[68, 136]]
[[69, 136]]
[[73, 140]]
[[74, 140]]
[[76, 142]]
[[77, 142]]
[[78, 143]]
[[79, 143]]
[[80, 144]]
[[81, 144]]
[[82, 145]]
[[83, 145]]
[[84, 146]]
[[85, 146]]
[[86, 147]]
[[88, 147]]
[[89, 148]]
[[91, 148]]
[[92, 149]]
[[95, 149]]
[[96, 150]]
[[101, 150]]
[[102, 151]]
[[102, 148]]
[[103, 147]]
[[103, 139]]
[[104, 138]]
[[103, 137]]
[[99, 137]]
[[98, 136]]
[[95, 136]]
[[94, 135]]
[[93, 135]]
[[92, 134]]
[[90, 134]]
[[89, 133]]
[[88, 133]]
[[87, 132]]
[[86, 132]]
[[85, 131]]
[[84, 131]]
[[82, 129]]
[[81, 129]]
[[79, 127]]
[[78, 127]]
[[71, 120]]
[[71, 119]]
[[69, 117]]
[[69, 116]]
[[67, 114]]
[[67, 113]]
[[65, 111]]
[[65, 109]]
[[64, 108]]
[[64, 107]]
[[63, 106]]
[[63, 104]]
[[62, 103]]
[[62, 101]]
[[61, 100]]
[[61, 95]]
[[60, 94]]
[[60, 90]]
[[64, 86]]
[[64, 85]]
[[89, 60]]
[[90, 60]]
[[94, 56]]
[[95, 56]]
[[99, 52]]
[[100, 52]]
[[103, 49]]
[[104, 49]]
[[107, 46]]
[[108, 46]]
[[110, 44]]
[[111, 44]]
[[113, 42]]
[[114, 42]]
[[116, 40]]
[[117, 40]]
[[118, 39]]
[[119, 39]]
[[121, 37]]
[[122, 37]]
[[124, 35]]
[[125, 35]]
[[126, 34]]
[[127, 34]]
[[128, 33]]
[[129, 33]]
[[130, 32]]
[[131, 32]]
[[133, 30]]
[[134, 30]]
[[135, 29]]
[[136, 29]]
[[137, 28]]
[[138, 28]]
[[139, 27]]
[[140, 27]]
[[141, 26]]
[[142, 26]]
[[143, 25]]
[[144, 25]]
[[145, 24]]
[[147, 24]]
[[148, 23]]
[[149, 23]]
[[150, 22]]
[[151, 22]]
[[152, 21]]
[[154, 21]]
[[155, 20]]
[[156, 20]]
[[157, 19]]
[[159, 19]]
[[160, 18]]
[[162, 18]]
[[163, 17]]
[[164, 17]]
[[165, 16]]
[[167, 16]]
[[168, 15]]
[[170, 15]]
[[171, 14]]
[[173, 14]]
[[174, 13]]
[[177, 13]]
[[178, 12]]
[[180, 12]]
[[181, 11]]
[[184, 11]]
[[185, 10]]
[[188, 10]]
[[189, 9]]
[[193, 9]]
[[194, 8]]
[[202, 8]]
[[203, 9]]
[[204, 9]]
[[210, 15]]
[[210, 16]]
[[211, 17]]
[[211, 18]]
[[212, 19]]
[[212, 20]]
[[213, 21]]
[[213, 22]]
[[214, 23]]
[[214, 25]]
[[215, 26]]
[[215, 28]]
[[216, 29]]
[[216, 33]]
[[217, 34]]
[[217, 38]]
[[218, 39]]
[[218, 45]]
[[219, 46]]
[[219, 57]]
[[220, 58]]
[[220, 68]]
[[221, 69]]
[[221, 71]]
[[222, 72]]
[[222, 74]]
[[224, 76]]
[[224, 77]]
[[229, 82]]
[[230, 82]]
[[231, 83]]
[[232, 83]]
[[233, 84]]
[[236, 84]]
[[237, 85]]
[[245, 85]]
[[246, 84]]
[[249, 84]]
[[250, 83]]
[[251, 83]]
[[252, 82]]
[[253, 82]]
[[259, 76]]
[[259, 75]]
[[260, 74]]
[[260, 73]]
[[261, 72]]
[[261, 70]]
[[262, 69]]
[[262, 65]]
[[263, 64]]
[[263, 47]]
[[264, 46]]
[[264, 40]]
[[265, 39]]
[[265, 35]]
[[266, 34]]
[[266, 30]]
[[267, 29]]
[[267, 27]]
[[268, 26]]
[[268, 24]]
[[269, 23]]
[[269, 21]]
[[270, 20]]
[[270, 19]]
[[271, 18]]
[[271, 17]]
[[273, 15]]
[[273, 14]]
[[278, 9]]
[[279, 9]]
[[280, 8]]
[[284, 8]]
[[285, 7]]
[[286, 8]]
[[290, 8]]
[[291, 9]]
[[294, 9]]
[[295, 10]]
[[298, 10]]
[[299, 11]]
[[302, 11]]
[[303, 12]]
[[306, 12]]
[[307, 13]]
[[309, 13]]
[[310, 14]]
[[312, 14]]
[[313, 15]]
[[315, 15]]
[[316, 16]]
[[318, 16]]
[[319, 17]]
[[321, 17]]
[[322, 18]]
[[324, 18]]
[[325, 19]]
[[326, 19]]
[[327, 20]]
[[328, 20]]
[[329, 21]]
[[331, 21]]
[[332, 22]]
[[333, 22]]
[[334, 23]]
[[336, 23]]
[[337, 24]]
[[338, 24]]
[[339, 25]]
[[340, 25]]
[[341, 26]]
[[342, 26]]
[[343, 27]]
[[344, 27]]
[[345, 28]]
[[346, 28]]
[[347, 29]]
[[348, 29]]
[[349, 30]]
[[350, 30]]
[[351, 31]]
[[352, 31]]
[[353, 32]]
[[354, 32]]
[[356, 34]]
[[357, 34]]
[[358, 35]]
[[359, 35]]
[[360, 36]]
[[361, 36]]
[[363, 38]]
[[364, 38]]
[[366, 40]]
[[367, 40]]
[[368, 41]]
[[369, 41]]
[[372, 44]]
[[373, 44]]
[[374, 45]]
[[375, 45]]
[[378, 48]]
[[379, 48]]
[[382, 51]]
[[383, 51]]
[[386, 54]]
[[387, 54]]
[[392, 59]]
[[393, 59]]
[[400, 66]]
[[401, 66]]
[[413, 78]]
[[413, 79]]
[[414, 79]]
[[415, 80]]
[[415, 81]]
[[422, 88]]
[[422, 89]]
[[423, 90]]
[[423, 96]]
[[422, 97]]
[[422, 101]]
[[421, 102]]
[[421, 104]]
[[420, 105]]
[[420, 107]]
[[419, 108]]
[[419, 109]]
[[418, 110]]
[[418, 111]]
[[417, 112]]
[[417, 113]]
[[416, 114]]
[[416, 115]]
[[413, 118]]
[[413, 119]]
[[404, 128]]
[[403, 128]]
[[401, 130]]
[[400, 130]]
[[399, 131]]
[[398, 131]]
[[396, 133]]
[[394, 133]]
[[393, 134]]
[[392, 134]]
[[391, 135]]
[[389, 135]]
[[388, 136]]
[[385, 136]]
[[384, 137]]
[[380, 137]]
[[380, 144]]
[[381, 145]]
[[381, 150]]
[[387, 150]]
[[388, 149]]
[[391, 149]]
[[392, 148]]
[[394, 148]]
[[395, 147]]
[[397, 147]]
[[398, 146]]
[[399, 146]]
[[400, 145]]
[[401, 145]]
[[402, 144]]
[[403, 144]]
[[404, 143]]
[[405, 143]]
[[406, 142]]
[[407, 142]]
[[408, 141]]
[[409, 141]]
[[412, 138]]
[[413, 138]]
[[423, 128]]
[[423, 127]]
[[426, 124]]
[[426, 123]]
[[428, 121]]
[[428, 120]]
[[429, 119]]
[[429, 118]]
[[430, 117]]
[[430, 116]]
[[431, 115]]
[[431, 114]]
[[432, 113]]
[[432, 111]]
[[433, 110]]
[[433, 109]]
[[434, 108]]
[[434, 107]]
[[435, 106]]
[[437, 108]]
[[437, 109]]
[[439, 111]]
[[439, 112]]
[[441, 114]]
[[441, 115]]
[[442, 116]]
[[442, 117]]
[[444, 119]]
[[444, 120]]
[[445, 121]]
[[445, 122]]
[[447, 124]]
[[447, 125]]
[[448, 126]]
[[448, 127]]
[[449, 128]]
[[449, 129]]
[[450, 130]]
[[450, 131]]
[[451, 132]]
[[451, 133]]
[[452, 134]]
[[452, 135]]
[[453, 136]]
[[453, 137]]
[[454, 138]]
[[454, 139]]
[[455, 140]]
[[455, 141]]
[[456, 142]]
[[456, 143]]
[[457, 144]]
[[457, 145]]
[[458, 146]]
[[458, 148]]
[[459, 149]]
[[459, 150]]
[[460, 151]]
[[460, 153]]
[[461, 154]]
[[461, 155]]
[[462, 156]]
[[462, 158]]
[[463, 159]]
[[463, 161]]
[[464, 162]]
[[464, 163]]
[[465, 164]]
[[465, 166]]
[[466, 167]]
[[466, 169]]
[[467, 170]]
[[467, 172]]
[[468, 173]]
[[468, 176]]
[[469, 177]]
[[469, 180]]
[[470, 181]]
[[470, 183]]
[[471, 184]]
[[471, 188]]
[[472, 189]]
[[472, 192]]
[[473, 193]]
[[473, 197]]
[[474, 198]]
[[474, 203]]
[[475, 204]]
[[475, 210]]
[[476, 211]]
[[476, 219]]
[[476, 1]]
****************************************************************************************************
contours_list
[[12, 9]]
[[12, 240]]
[[253, 240]]
[[253, 9]]
****************************************************************************************************
contours_list
[[12, 9]]
[[12, 240]]
[[253, 240]]
[[253, 9]]
****************************************************************************************************
contours_list
[[12, 9]]
[[12, 240]]
[[253, 240]]
[[253, 9]]
****************************************************************************************************
contours_list
[[12, 9]]
[[12, 240]]
[[253, 240]]
[[253, 9]]
****************************************************************************************************
contours_list
[[12, 9]]
[[12, 240]]
[[253, 240]]
[[253, 9]]
****************************************************************************************************
contours_list
[[276, 10]]
[[277, 9]]
[[278, 10]]
[[279, 9]]
[[280, 10]]
[[281, 10]]
[[282, 9]]
[[284, 9]]
[[285, 10]]
[[287, 10]]
[[288, 9]]
[[290, 9]]
[[291, 10]]
[[299, 10]]
[[300, 9]]
[[301, 10]]
[[301, 11]]
[[303, 13]]
[[303, 14]]
[[304, 15]]
[[304, 16]]
[[306, 18]]
[[306, 19]]
[[307, 20]]
[[307, 21]]
[[308, 22]]
[[308, 23]]
[[310, 25]]
[[310, 26]]
[[311, 27]]
[[311, 28]]
[[312, 29]]
[[312, 30]]
[[311, 31]]
[[311, 32]]
[[310, 33]]
[[310, 34]]
[[309, 35]]
[[309, 36]]
[[307, 38]]
[[307, 39]]
[[306, 40]]
[[306, 41]]
[[304, 43]]
[[304, 44]]
[[303, 45]]
[[303, 46]]
[[302, 47]]
[[302, 48]]
[[300, 50]]
[[277, 50]]
[[276, 49]]
[[276, 48]]
[[275, 47]]
[[275, 46]]
[[273, 44]]
[[273, 43]]
[[272, 42]]
[[272, 41]]
[[270, 39]]
[[270, 38]]
[[269, 37]]
[[269, 36]]
[[267, 34]]
[[267, 33]]
[[266, 32]]
[[266, 31]]
[[265, 30]]
[[266, 29]]
[[266, 28]]
[[267, 27]]
[[267, 26]]
[[268, 25]]
[[268, 24]]
[[270, 22]]
[[270, 21]]
[[271, 20]]
[[271, 19]]
[[272, 18]]
[[272, 17]]
[[274, 15]]
[[274, 14]]
[[275, 13]]
[[275, 12]]
[[276, 11]]
****************************************************************************************************
contours_list
[[595, 10]]
[[596, 9]]
[[600, 13]]
[[600, 14]]
[[601, 15]]
[[601, 16]]
[[603, 18]]
[[603, 19]]
[[605, 21]]
[[605, 22]]
[[607, 24]]
[[607, 26]]
[[609, 28]]
[[609, 31]]
[[608, 32]]
[[608, 33]]
[[607, 34]]
[[607, 35]]
[[605, 37]]
[[605, 38]]
[[603, 40]]
[[603, 41]]
[[602, 42]]
[[602, 43]]
[[600, 45]]
[[600, 46]]
[[599, 47]]
[[599, 48]]
[[597, 50]]
[[575, 50]]
[[572, 47]]
[[572, 46]]
[[570, 44]]
[[570, 43]]
[[569, 42]]
[[569, 41]]
[[568, 40]]
[[568, 39]]
[[566, 37]]
[[566, 36]]
[[565, 35]]
[[565, 34]]
[[564, 33]]
[[564, 32]]
[[563, 31]]
[[563, 29]]
[[564, 28]]
[[564, 27]]
[[565, 26]]
[[565, 25]]
[[566, 24]]
[[566, 23]]
[[568, 21]]
[[568, 20]]
[[569, 19]]
[[569, 18]]
[[570, 17]]
[[570, 16]]
[[571, 15]]
[[571, 14]]
[[573, 12]]
[[573, 11]]
[[574, 10]]
****************************************************************************************************
contours_list
[[1, 1]]
[[1, 476]]
[[476, 476]]
[[476, 261]]
[[476, 269]]
[[475, 270]]
[[475, 277]]
[[474, 278]]
[[474, 283]]
[[473, 284]]
[[473, 288]]
[[472, 289]]
[[472, 293]]
[[471, 294]]
[[471, 297]]
[[470, 298]]
[[470, 301]]
[[469, 302]]
[[469, 305]]
[[468, 306]]
[[468, 309]]
[[467, 310]]
[[467, 312]]
[[466, 313]]
[[466, 315]]
[[465, 316]]
[[465, 318]]
[[464, 319]]
[[464, 321]]
[[463, 322]]
[[463, 324]]
[[462, 325]]
[[462, 326]]
[[461, 327]]
[[461, 329]]
[[460, 330]]
[[460, 331]]
[[459, 332]]
[[459, 334]]
[[458, 335]]
[[458, 336]]
[[457, 337]]
[[457, 338]]
[[456, 339]]
[[456, 341]]
[[455, 342]]
[[455, 343]]
[[454, 344]]
[[454, 345]]
[[453, 346]]
[[453, 347]]
[[452, 348]]
[[452, 349]]
[[451, 350]]
[[451, 351]]
[[450, 352]]
[[450, 353]]
[[449, 354]]
[[449, 355]]
[[447, 357]]
[[447, 358]]
[[446, 359]]
[[446, 360]]
[[445, 361]]
[[445, 362]]
[[443, 364]]
[[443, 365]]
[[441, 367]]
[[441, 368]]
[[440, 369]]
[[440, 370]]
[[438, 372]]
[[438, 373]]
[[436, 375]]
[[436, 376]]
[[434, 378]]
[[434, 379]]
[[431, 382]]
[[431, 383]]
[[428, 386]]
[[428, 387]]
[[424, 391]]
[[424, 392]]
[[419, 397]]
[[419, 398]]
[[408, 409]]
[[406, 407]]
[[406, 406]]
[[405, 405]]
[[405, 404]]
[[403, 402]]
[[403, 401]]
[[401, 399]]
[[401, 398]]
[[388, 385]]
[[387, 385]]
[[385, 383]]
[[384, 383]]
[[382, 381]]
[[381, 381]]
[[380, 380]]
[[379, 380]]
[[378, 379]]
[[376, 379]]
[[375, 378]]
[[374, 378]]
[[373, 377]]
[[370, 377]]
[[369, 376]]
[[365, 376]]
[[364, 375]]
[[346, 375]]
[[345, 374]]
[[342, 374]]
[[341, 373]]
[[340, 373]]
[[339, 372]]
[[337, 372]]
[[335, 370]]
[[334, 370]]
[[333, 369]]
[[332, 369]]
[[330, 367]]
[[329, 367]]
[[325, 363]]
[[324, 363]]
[[318, 357]]
[[316, 357]]
[[309, 364]]
[[309, 365]]
[[308, 366]]
[[308, 367]]
[[313, 372]]
[[314, 372]]
[[318, 376]]
[[319, 376]]
[[321, 378]]
[[322, 378]]
[[324, 380]]
[[325, 380]]
[[327, 382]]
[[328, 382]]
[[329, 383]]
[[330, 383]]
[[331, 384]]
[[332, 384]]
[[333, 385]]
[[334, 385]]
[[335, 386]]
[[337, 386]]
[[338, 387]]
[[340, 387]]
[[341, 388]]
[[347, 388]]
[[348, 389]]
[[364, 389]]
[[365, 390]]
[[368, 390]]
[[369, 391]]
[[371, 391]]
[[372, 392]]
[[373, 392]]
[[374, 393]]
[[375, 393]]
[[377, 395]]
[[378, 395]]
[[380, 397]]
[[381, 397]]
[[388, 404]]
[[388, 405]]
[[391, 408]]
[[391, 409]]
[[393, 411]]
[[393, 412]]
[[395, 414]]
[[395, 415]]
[[396, 416]]
[[396, 417]]
[[397, 418]]
[[397, 420]]
[[395, 422]]
[[394, 422]]
[[389, 427]]
[[388, 427]]
[[384, 431]]
[[383, 431]]
[[380, 434]]
[[379, 434]]
[[377, 436]]
[[376, 436]]
[[374, 438]]
[[373, 438]]
[[370, 441]]
[[369, 441]]
[[368, 442]]
[[367, 442]]
[[365, 444]]
[[364, 444]]
[[362, 446]]
[[361, 446]]
[[360, 447]]
[[359, 447]]
[[357, 449]]
[[356, 449]]
[[355, 450]]
[[354, 450]]
[[353, 451]]
[[352, 451]]
[[351, 452]]
[[349, 452]]
[[347, 450]]
[[347, 449]]
[[346, 448]]
[[346, 447]]
[[345, 446]]
[[345, 445]]
[[344, 444]]
[[344, 443]]
[[343, 442]]
[[343, 441]]
[[342, 440]]
[[342, 439]]
[[340, 437]]
[[340, 436]]
[[338, 434]]
[[338, 433]]
[[334, 429]]
[[334, 428]]
[[330, 424]]
[[329, 424]]
[[325, 420]]
[[324, 420]]
[[322, 418]]
[[321, 418]]
[[320, 417]]
[[319, 417]]
[[318, 416]]
[[317, 416]]
[[316, 415]]
[[314, 415]]
[[313, 414]]
[[310, 414]]
[[309, 413]]
[[302, 413]]
[[302, 426]]
[[303, 426]]
[[304, 427]]
[[308, 427]]
[[309, 428]]
[[311, 428]]
[[312, 429]]
[[313, 429]]
[[314, 430]]
[[315, 430]]
[[318, 433]]
[[319, 433]]
[[325, 439]]
[[325, 440]]
[[328, 443]]
[[328, 444]]
[[330, 446]]
[[330, 447]]
[[331, 448]]
[[331, 449]]
[[333, 451]]
[[333, 452]]
[[334, 453]]
[[334, 455]]
[[335, 456]]
[[335, 457]]
[[336, 458]]
[[334, 460]]
[[333, 460]]
[[332, 461]]
[[331, 461]]
[[330, 462]]
[[329, 462]]
[[328, 463]]
[[326, 463]]
[[325, 464]]
[[324, 464]]
[[323, 465]]
[[321, 465]]
[[320, 466]]
[[318, 466]]
[[317, 467]]
[[315, 467]]
[[314, 468]]
[[312, 468]]
[[311, 469]]
[[309, 469]]
[[308, 470]]
[[306, 470]]
[[305, 471]]
[[302, 471]]
[[301, 472]]
[[298, 472]]
[[297, 473]]
[[294, 473]]
[[293, 474]]
[[289, 474]]
[[288, 475]]
[[281, 475]]
[[280, 474]]
[[279, 474]]
[[278, 473]]
[[277, 473]]
[[274, 470]]
[[274, 469]]
[[272, 467]]
[[272, 466]]
[[271, 465]]
[[271, 464]]
[[270, 463]]
[[270, 462]]
[[269, 461]]
[[269, 460]]
[[268, 459]]
[[268, 457]]
[[267, 456]]
[[267, 453]]
[[266, 452]]
[[266, 449]]
[[265, 448]]
[[265, 443]]
[[264, 442]]
[[264, 435]]
[[263, 434]]
[[263, 418]]
[[262, 417]]
[[262, 414]]
[[261, 413]]
[[261, 411]]
[[260, 410]]
[[260, 409]]
[[259, 408]]
[[259, 407]]
[[257, 405]]
[[257, 404]]
[[256, 403]]
[[255, 403]]
[[253, 401]]
[[252, 401]]
[[251, 400]]
[[250, 400]]
[[249, 399]]
[[246, 399]]
[[245, 398]]
[[237, 398]]
[[236, 399]]
[[233, 399]]
[[232, 400]]
[[231, 400]]
[[230, 401]]
[[229, 401]]
[[223, 407]]
[[223, 408]]
[[222, 409]]
[[222, 410]]
[[221, 411]]
[[221, 413]]
[[220, 414]]
[[220, 420]]
[[219, 421]]
[[219, 436]]
[[218, 437]]
[[218, 443]]
[[217, 444]]
[[217, 448]]
[[216, 449]]
[[216, 453]]
[[215, 454]]
[[215, 456]]
[[214, 457]]
[[214, 459]]
[[213, 460]]
[[213, 462]]
[[212, 463]]
[[212, 464]]
[[211, 465]]
[[211, 466]]
[[209, 468]]
[[209, 469]]
[[205, 473]]
[[204, 473]]
[[203, 474]]
[[202, 474]]
[[201, 475]]
[[195, 475]]
[[194, 474]]
[[190, 474]]
[[189, 473]]
[[186, 473]]
[[185, 472]]
[[182, 472]]
[[181, 471]]
[[179, 471]]
[[178, 470]]
[[175, 470]]
[[174, 469]]
[[172, 469]]
[[171, 468]]
[[169, 468]]
[[168, 467]]
[[166, 467]]
[[165, 466]]
[[164, 466]]
[[163, 465]]
[[161, 465]]
[[160, 464]]
[[158, 464]]
[[157, 463]]
[[156, 463]]
[[155, 462]]
[[153, 462]]
[[152, 461]]
[[151, 461]]
[[150, 460]]
[[149, 460]]
[[148, 459]]
[[148, 456]]
[[149, 455]]
[[149, 454]]
[[150, 453]]
[[150, 452]]
[[151, 451]]
[[151, 450]]
[[152, 449]]
[[152, 448]]
[[154, 446]]
[[154, 445]]
[[156, 443]]
[[156, 442]]
[[160, 438]]
[[160, 437]]
[[161, 436]]
[[162, 436]]
[[167, 431]]
[[168, 431]]
[[170, 429]]
[[171, 429]]
[[172, 428]]
[[174, 428]]
[[175, 427]]
[[179, 427]]
[[180, 426]]
[[182, 426]]
[[182, 413]]
[[174, 413]]
[[173, 414]]
[[171, 414]]
[[170, 415]]
[[168, 415]]
[[167, 416]]
[[166, 416]]
[[165, 417]]
[[164, 417]]
[[163, 418]]
[[162, 418]]
[[161, 419]]
[[160, 419]]
[[158, 421]]
[[157, 421]]
[[147, 431]]
[[147, 432]]
[[144, 435]]
[[144, 436]]
[[142, 438]]
[[142, 439]]
[[141, 440]]
[[141, 441]]
[[139, 443]]
[[139, 444]]
[[138, 445]]
[[138, 446]]
[[137, 447]]
[[137, 448]]
[[136, 449]]
[[136, 451]]
[[134, 453]]
[[133, 452]]
[[132, 452]]
[[131, 451]]
[[130, 451]]
[[128, 449]]
[[127, 449]]
[[126, 448]]
[[125, 448]]
[[124, 447]]
[[123, 447]]
[[121, 445]]
[[120, 445]]
[[119, 444]]
[[118, 444]]
[[116, 442]]
[[115, 442]]
[[113, 440]]
[[112, 440]]
[[110, 438]]
[[109, 438]]
[[106, 435]]
[[105, 435]]
[[103, 433]]
[[102, 433]]
[[98, 429]]
[[97, 429]]
[[94, 426]]
[[93, 426]]
[[86, 419]]
[[87, 418]]
[[87, 417]]
[[88, 416]]
[[88, 415]]
[[89, 414]]
[[89, 413]]
[[91, 411]]
[[91, 410]]
[[93, 408]]
[[93, 407]]
[[97, 403]]
[[97, 402]]
[[100, 399]]
[[101, 399]]
[[105, 395]]
[[106, 395]]
[[107, 394]]
[[108, 394]]
[[110, 392]]
[[112, 392]]
[[113, 391]]
[[114, 391]]
[[115, 390]]
[[118, 390]]
[[119, 389]]
[[136, 389]]
[[137, 388]]
[[142, 388]]
[[143, 387]]
[[146, 387]]
[[147, 386]]
[[148, 386]]
[[149, 385]]
[[151, 385]]
[[152, 384]]
[[153, 384]]
[[155, 382]]
[[156, 382]]
[[157, 381]]
[[158, 381]]
[[160, 379]]
[[161, 379]]
[[163, 377]]
[[164, 377]]
[[168, 373]]
[[169, 373]]
[[175, 367]]
[[175, 365]]
[[167, 357]]
[[166, 357]]
[[163, 360]]
[[162, 360]]
[[158, 364]]
[[157, 364]]
[[154, 367]]
[[153, 367]]
[[151, 369]]
[[150, 369]]
[[148, 371]]
[[147, 371]]
[[146, 372]]
[[145, 372]]
[[144, 373]]
[[142, 373]]
[[141, 374]]
[[138, 374]]
[[137, 375]]
[[119, 375]]
[[118, 376]]
[[114, 376]]
[[113, 377]]
[[111, 377]]
[[110, 378]]
[[108, 378]]
[[107, 379]]
[[106, 379]]
[[105, 380]]
[[103, 380]]
[[101, 382]]
[[100, 382]]
[[99, 383]]
[[98, 383]]
[[95, 386]]
[[94, 386]]
[[84, 396]]
[[84, 397]]
[[81, 400]]
[[81, 401]]
[[79, 403]]
[[79, 404]]
[[77, 406]]
[[77, 407]]
[[75, 409]]
[[67, 401]]
[[67, 400]]
[[61, 394]]
[[61, 393]]
[[56, 388]]
[[56, 387]]
[[53, 384]]
[[53, 383]]
[[51, 381]]
[[51, 380]]
[[48, 377]]
[[48, 376]]
[[46, 374]]
[[46, 373]]
[[44, 371]]
[[44, 370]]
[[42, 368]]
[[42, 367]]
[[41, 366]]
[[41, 365]]
[[39, 363]]
[[39, 362]]
[[38, 361]]
[[38, 360]]
[[36, 358]]
[[36, 357]]
[[35, 356]]
[[35, 355]]
[[34, 354]]
[[34, 353]]
[[33, 352]]
[[33, 351]]
[[32, 350]]
[[32, 349]]
[[31, 348]]
[[31, 347]]
[[30, 346]]
[[30, 345]]
[[29, 344]]
[[29, 343]]
[[28, 342]]
[[28, 341]]
[[27, 340]]
[[27, 339]]
[[26, 338]]
[[26, 336]]
[[25, 335]]
[[25, 334]]
[[24, 333]]
[[24, 332]]
[[23, 331]]
[[23, 329]]
[[22, 328]]
[[22, 326]]
[[21, 325]]
[[21, 324]]
[[20, 323]]
[[20, 321]]
[[19, 320]]
[[19, 318]]
[[18, 317]]
[[18, 315]]
[[17, 314]]
[[17, 312]]
[[16, 311]]
[[16, 309]]
[[15, 308]]
[[15, 305]]
[[14, 304]]
[[14, 301]]
[[13, 300]]
[[13, 297]]
[[12, 296]]
[[12, 293]]
[[11, 292]]
[[11, 288]]
[[10, 287]]
[[10, 282]]
[[9, 281]]
[[9, 276]]
[[8, 275]]
[[8, 268]]
[[7, 267]]
[[7, 256]]
[[8, 255]]
[[108, 255]]
[[109, 256]]
[[112, 256]]
[[113, 257]]
[[115, 257]]
[[116, 258]]
[[117, 258]]
[[118, 259]]
[[119, 259]]
[[122, 262]]
[[123, 262]]
[[129, 268]]
[[129, 269]]
[[131, 271]]
[[131, 272]]
[[132, 273]]
[[132, 274]]
[[133, 275]]
[[133, 276]]
[[134, 277]]
[[134, 280]]
[[135, 281]]
[[135, 286]]
[[136, 287]]
[[136, 290]]
[[135, 291]]
[[135, 296]]
[[134, 297]]
[[134, 299]]
[[133, 300]]
[[133, 302]]
[[132, 303]]
[[132, 304]]
[[131, 305]]
[[131, 306]]
[[128, 309]]
[[128, 310]]
[[124, 314]]
[[123, 314]]
[[120, 317]]
[[119, 317]]
[[118, 318]]
[[117, 318]]
[[116, 319]]
[[115, 319]]
[[114, 320]]
[[112, 320]]
[[111, 321]]
[[108, 321]]
[[107, 322]]
[[97, 322]]
[[96, 321]]
[[93, 321]]
[[92, 320]]
[[90, 320]]
[[89, 319]]
[[88, 319]]
[[87, 318]]
[[86, 318]]
[[85, 317]]
[[84, 317]]
[[81, 314]]
[[80, 314]]
[[77, 311]]
[[77, 310]]
[[74, 307]]
[[74, 306]]
[[72, 304]]
[[72, 303]]
[[71, 302]]
[[71, 300]]
[[70, 299]]
[[70, 297]]
[[69, 296]]
[[69, 290]]
[[67, 288]]
[[57, 288]]
[[56, 289]]
[[55, 289]]
[[55, 295]]
[[56, 296]]
[[56, 300]]
[[57, 301]]
[[57, 303]]
[[58, 304]]
[[58, 306]]
[[59, 307]]
[[59, 308]]
[[60, 309]]
[[60, 310]]
[[61, 311]]
[[61, 312]]
[[62, 313]]
[[62, 314]]
[[64, 316]]
[[64, 317]]
[[73, 326]]
[[74, 326]]
[[76, 328]]
[[77, 328]]
[[79, 330]]
[[80, 330]]
[[81, 331]]
[[82, 331]]
[[83, 332]]
[[85, 332]]
[[86, 333]]
[[87, 333]]
[[88, 334]]
[[91, 334]]
[[92, 335]]
[[98, 335]]
[[99, 336]]
[[106, 336]]
[[107, 335]]
[[112, 335]]
[[113, 334]]
[[116, 334]]
[[117, 333]]
[[119, 333]]
[[120, 332]]
[[121, 332]]
[[122, 331]]
[[123, 331]]
[[124, 330]]
[[125, 330]]
[[126, 329]]
[[127, 329]]
[[129, 327]]
[[130, 327]]
[[140, 317]]
[[140, 316]]
[[142, 314]]
[[142, 313]]
[[144, 311]]
[[144, 310]]
[[145, 309]]
[[145, 307]]
[[146, 306]]
[[146, 305]]
[[147, 304]]
[[147, 302]]
[[148, 301]]
[[148, 298]]
[[149, 297]]
[[149, 280]]
[[148, 279]]
[[148, 276]]
[[147, 275]]
[[147, 273]]
[[146, 272]]
[[146, 270]]
[[145, 269]]
[[145, 268]]
[[144, 267]]
[[144, 266]]
[[143, 265]]
[[143, 264]]
[[141, 262]]
[[141, 261]]
[[137, 257]]
[[137, 256]]
[[135, 254]]
[[134, 254]]
[[130, 250]]
[[129, 250]]
[[127, 248]]
[[126, 248]]
[[125, 247]]
[[124, 247]]
[[123, 246]]
[[122, 246]]
[[121, 245]]
[[120, 245]]
[[119, 244]]
[[117, 244]]
[[116, 243]]
[[114, 243]]
[[113, 242]]
[[109, 242]]
[[108, 241]]
[[7, 241]]
[[6, 240]]
[[6, 228]]
[[7, 227]]
[[7, 216]]
[[8, 215]]
[[8, 208]]
[[9, 207]]
[[9, 201]]
[[10, 200]]
[[10, 196]]
[[11, 195]]
[[11, 191]]
[[12, 190]]
[[12, 187]]
[[13, 186]]
[[13, 183]]
[[14, 182]]
[[14, 179]]
[[15, 178]]
[[15, 175]]
[[16, 174]]
[[16, 172]]
[[17, 171]]
[[17, 169]]
[[18, 168]]
[[18, 166]]
[[19, 165]]
[[19, 163]]
[[20, 162]]
[[20, 160]]
[[21, 159]]
[[21, 157]]
[[22, 156]]
[[22, 155]]
[[23, 154]]
[[23, 152]]
[[24, 151]]
[[24, 150]]
[[25, 149]]
[[25, 148]]
[[26, 147]]
[[26, 145]]
[[27, 144]]
[[27, 143]]
[[28, 142]]
[[28, 141]]
[[29, 140]]
[[29, 139]]
[[30, 138]]
[[30, 137]]
[[31, 136]]
[[31, 135]]
[[32, 134]]
[[32, 133]]
[[33, 132]]
[[33, 131]]
[[34, 130]]
[[34, 129]]
[[35, 128]]
[[35, 127]]
[[36, 126]]
[[36, 125]]
[[38, 123]]
[[38, 122]]
[[39, 121]]
[[39, 120]]
[[40, 119]]
[[40, 118]]
[[42, 116]]
[[42, 115]]
[[44, 113]]
[[44, 112]]
[[46, 110]]
[[46, 109]]
[[48, 107]]
[[49, 107]]
[[50, 108]]
[[50, 110]]
[[51, 111]]
[[51, 112]]
[[52, 113]]
[[52, 115]]
[[53, 116]]
[[53, 117]]
[[54, 118]]
[[54, 119]]
[[56, 121]]
[[56, 122]]
[[57, 123]]
[[57, 124]]
[[60, 127]]
[[60, 128]]
[[70, 138]]
[[71, 138]]
[[73, 140]]
[[74, 140]]
[[76, 142]]
[[77, 142]]
[[79, 144]]
[[80, 144]]
[[81, 145]]
[[83, 145]]
[[84, 146]]
[[85, 146]]
[[86, 147]]
[[88, 147]]
[[89, 148]]
[[91, 148]]
[[92, 149]]
[[94, 149]]
[[95, 150]]
[[100, 150]]
[[101, 151]]
[[103, 149]]
[[103, 140]]
[[104, 139]]
[[104, 138]]
[[103, 137]]
[[101, 137]]
[[100, 136]]
[[96, 136]]
[[95, 135]]
[[93, 135]]
[[92, 134]]
[[90, 134]]
[[89, 133]]
[[88, 133]]
[[87, 132]]
[[86, 132]]
[[84, 130]]
[[83, 130]]
[[81, 128]]
[[80, 128]]
[[76, 124]]
[[75, 124]]
[[74, 123]]
[[74, 122]]
[[69, 117]]
[[69, 116]]
[[67, 114]]
[[67, 113]]
[[66, 112]]
[[66, 111]]
[[65, 110]]
[[65, 109]]
[[64, 108]]
[[64, 107]]
[[63, 106]]
[[63, 103]]
[[62, 102]]
[[62, 100]]
[[61, 99]]
[[61, 93]]
[[60, 92]]
[[60, 91]]
[[61, 90]]
[[61, 89]]
[[66, 84]]
[[66, 83]]
[[87, 62]]
[[88, 62]]
[[93, 57]]
[[94, 57]]
[[98, 53]]
[[99, 53]]
[[102, 50]]
[[103, 50]]
[[106, 47]]
[[107, 47]]
[[109, 45]]
[[110, 45]]
[[112, 43]]
[[113, 43]]
[[115, 41]]
[[116, 41]]
[[118, 39]]
[[119, 39]]
[[120, 38]]
[[121, 38]]
[[123, 36]]
[[124, 36]]
[[125, 35]]
[[126, 35]]
[[128, 33]]
[[129, 33]]
[[130, 32]]
[[131, 32]]
[[132, 31]]
[[133, 31]]
[[134, 30]]
[[135, 30]]
[[136, 29]]
[[137, 29]]
[[138, 28]]
[[139, 28]]
[[140, 27]]
[[141, 27]]
[[142, 26]]
[[143, 26]]
[[144, 25]]
[[145, 25]]
[[146, 24]]
[[147, 24]]
[[148, 23]]
[[149, 23]]
[[150, 22]]
[[152, 22]]
[[153, 21]]
[[154, 21]]
[[155, 20]]
[[157, 20]]
[[158, 19]]
[[159, 19]]
[[160, 18]]
[[162, 18]]
[[163, 17]]
[[165, 17]]
[[166, 16]]
[[168, 16]]
[[169, 15]]
[[171, 15]]
[[172, 14]]
[[174, 14]]
[[175, 13]]
[[177, 13]]
[[178, 12]]
[[181, 12]]
[[182, 11]]
[[185, 11]]
[[186, 10]]
[[189, 10]]
[[190, 9]]
[[193, 9]]
[[194, 8]]
[[201, 8]]
[[202, 9]]
[[203, 9]]
[[204, 10]]
[[205, 10]]
[[209, 14]]
[[209, 15]]
[[211, 17]]
[[211, 18]]
[[212, 19]]
[[212, 20]]
[[213, 21]]
[[213, 23]]
[[214, 24]]
[[214, 26]]
[[215, 27]]
[[215, 29]]
[[216, 30]]
[[216, 34]]
[[217, 35]]
[[217, 39]]
[[218, 40]]
[[218, 46]]
[[219, 47]]
[[219, 63]]
[[220, 64]]
[[220, 69]]
[[221, 70]]
[[221, 72]]
[[222, 73]]
[[222, 74]]
[[223, 75]]
[[223, 76]]
[[226, 79]]
[[226, 80]]
[[227, 80]]
[[229, 82]]
[[230, 82]]
[[231, 83]]
[[232, 83]]
[[233, 84]]
[[235, 84]]
[[236, 85]]
[[246, 85]]
[[247, 84]]
[[249, 84]]
[[250, 83]]
[[252, 83]]
[[254, 81]]
[[255, 81]]
[[257, 79]]
[[257, 78]]
[[259, 76]]
[[259, 75]]
[[260, 74]]
[[260, 73]]
[[261, 72]]
[[261, 71]]
[[262, 70]]
[[262, 66]]
[[263, 65]]
[[263, 49]]
[[264, 48]]
[[264, 41]]
[[265, 40]]
[[265, 36]]
[[266, 35]]
[[266, 31]]
[[267, 30]]
[[267, 28]]
[[268, 27]]
[[268, 24]]
[[269, 23]]
[[269, 22]]
[[270, 21]]
[[270, 20]]
[[271, 19]]
[[271, 18]]
[[272, 17]]
[[272, 16]]
[[274, 14]]
[[274, 13]]
[[277, 10]]
[[278, 10]]
[[279, 9]]
[[280, 9]]
[[281, 8]]
[[289, 8]]
[[290, 9]]
[[293, 9]]
[[294, 10]]
[[298, 10]]
[[299, 11]]
[[301, 11]]
[[302, 12]]
[[305, 12]]
[[306, 13]]
[[308, 13]]
[[309, 14]]
[[311, 14]]
[[312, 15]]
[[315, 15]]
[[316, 16]]
[[317, 16]]
[[318, 17]]
[[320, 17]]
[[321, 18]]
[[323, 18]]
[[324, 19]]
[[325, 19]]
[[326, 20]]
[[328, 20]]
[[329, 21]]
[[331, 21]]
[[332, 22]]
[[333, 22]]
[[334, 23]]
[[335, 23]]
[[336, 24]]
[[337, 24]]
[[338, 25]]
[[340, 25]]
[[341, 26]]
[[342, 26]]
[[343, 27]]
[[344, 27]]
[[345, 28]]
[[346, 28]]
[[347, 29]]
[[348, 29]]
[[349, 30]]
[[350, 30]]
[[352, 32]]
[[353, 32]]
[[354, 33]]
[[355, 33]]
[[356, 34]]
[[357, 34]]
[[359, 36]]
[[360, 36]]
[[361, 37]]
[[362, 37]]
[[364, 39]]
[[365, 39]]
[[366, 40]]
[[367, 40]]
[[369, 42]]
[[370, 42]]
[[372, 44]]
[[373, 44]]
[[375, 46]]
[[376, 46]]
[[379, 49]]
[[380, 49]]
[[383, 52]]
[[384, 52]]
[[388, 56]]
[[389, 56]]
[[394, 61]]
[[395, 61]]
[[420, 86]]
[[420, 87]]
[[423, 90]]
[[423, 95]]
[[422, 96]]
[[422, 100]]
[[421, 101]]
[[421, 104]]
[[420, 105]]
[[420, 106]]
[[419, 107]]
[[419, 109]]
[[418, 110]]
[[418, 111]]
[[417, 112]]
[[417, 113]]
[[415, 115]]
[[415, 116]]
[[412, 119]]
[[412, 120]]
[[406, 126]]
[[405, 126]]
[[402, 129]]
[[401, 129]]
[[399, 131]]
[[398, 131]]
[[397, 132]]
[[396, 132]]
[[395, 133]]
[[394, 133]]
[[393, 134]]
[[391, 134]]
[[390, 135]]
[[388, 135]]
[[387, 136]]
[[384, 136]]
[[383, 137]]
[[380, 137]]
[[380, 146]]
[[381, 147]]
[[381, 150]]
[[382, 151]]
[[383, 150]]
[[388, 150]]
[[389, 149]]
[[392, 149]]
[[393, 148]]
[[395, 148]]
[[396, 147]]
[[397, 147]]
[[398, 146]]
[[400, 146]]
[[401, 145]]
[[402, 145]]
[[403, 144]]
[[404, 144]]
[[405, 143]]
[[406, 143]]
[[408, 141]]
[[409, 141]]
[[411, 139]]
[[412, 139]]
[[424, 127]]
[[424, 126]]
[[427, 123]]
[[427, 122]]
[[428, 121]]
[[428, 120]]
[[429, 119]]
[[429, 118]]
[[430, 117]]
[[430, 116]]
[[431, 115]]
[[431, 114]]
[[432, 113]]
[[432, 112]]
[[433, 111]]
[[433, 109]]
[[435, 107]]
[[438, 110]]
[[438, 111]]
[[440, 113]]
[[440, 114]]
[[442, 116]]
[[442, 117]]
[[443, 118]]
[[443, 119]]
[[445, 121]]
[[445, 122]]
[[446, 123]]
[[446, 124]]
[[447, 125]]
[[447, 126]]
[[449, 128]]
[[449, 129]]
[[450, 130]]
[[450, 131]]
[[451, 132]]
[[451, 133]]
[[452, 134]]
[[452, 135]]
[[453, 136]]
[[453, 137]]
[[454, 138]]
[[454, 139]]
[[455, 140]]
[[455, 141]]
[[456, 142]]
[[456, 144]]
[[457, 145]]
[[457, 146]]
[[458, 147]]
[[458, 148]]
[[459, 149]]
[[459, 150]]
[[460, 151]]
[[460, 153]]
[[461, 154]]
[[461, 156]]
[[462, 157]]
[[462, 158]]
[[463, 159]]
[[463, 161]]
[[464, 162]]
[[464, 164]]
[[465, 165]]
[[465, 167]]
[[466, 168]]
[[466, 170]]
[[467, 171]]
[[467, 173]]
[[468, 174]]
[[468, 177]]
[[469, 178]]
[[469, 180]]
[[470, 181]]
[[470, 184]]
[[471, 185]]
[[471, 189]]
[[472, 190]]
[[472, 193]]
[[473, 194]]
[[473, 199]]
[[474, 200]]
[[474, 205]]
[[475, 206]]
[[475, 212]]
[[476, 213]]
[[476, 222]]
[[476, 1]]
****************************************************************************************************
contours_list
[[1, 1]]
[[1, 476]]
[[476, 476]]
[[476, 264]]
[[476, 271]]
[[475, 272]]
[[475, 279]]
[[474, 280]]
[[474, 284]]
[[473, 285]]
[[473, 289]]
[[472, 290]]
[[472, 294]]
[[471, 295]]
[[471, 298]]
[[470, 299]]
[[470, 302]]
[[469, 303]]
[[469, 306]]
[[468, 307]]
[[468, 309]]
[[467, 310]]
[[467, 313]]
[[466, 314]]
[[466, 315]]
[[465, 316]]
[[465, 319]]
[[464, 320]]
[[464, 322]]
[[463, 323]]
[[463, 324]]
[[462, 325]]
[[462, 327]]
[[461, 328]]
[[461, 329]]
[[460, 330]]
[[460, 332]]
[[459, 333]]
[[459, 334]]
[[458, 335]]
[[458, 336]]
[[457, 337]]
[[457, 339]]
[[456, 340]]
[[456, 341]]
[[455, 342]]
[[455, 343]]
[[454, 344]]
[[454, 345]]
[[453, 346]]
[[453, 347]]
[[452, 348]]
[[452, 349]]
[[451, 350]]
[[451, 351]]
[[450, 352]]
[[450, 353]]
[[449, 354]]
[[449, 355]]
[[448, 356]]
[[448, 357]]
[[447, 358]]
[[447, 359]]
[[445, 361]]
[[445, 362]]
[[444, 363]]
[[444, 364]]
[[442, 366]]
[[442, 367]]
[[440, 369]]
[[440, 370]]
[[439, 371]]
[[439, 372]]
[[437, 374]]
[[437, 375]]
[[435, 377]]
[[435, 378]]
[[432, 381]]
[[432, 382]]
[[429, 385]]
[[429, 386]]
[[426, 389]]
[[426, 390]]
[[420, 396]]
[[420, 397]]
[[413, 404]]
[[413, 405]]
[[410, 408]]
[[409, 408]]
[[408, 409]]
[[406, 407]]
[[406, 406]]
[[404, 404]]
[[404, 403]]
[[402, 401]]
[[402, 400]]
[[400, 398]]
[[400, 397]]
[[389, 386]]
[[388, 386]]
[[386, 384]]
[[385, 384]]
[[383, 382]]
[[382, 382]]
[[381, 381]]
[[380, 381]]
[[379, 380]]
[[378, 380]]
[[377, 379]]
[[376, 379]]
[[375, 378]]
[[373, 378]]
[[372, 377]]
[[369, 377]]
[[368, 376]]
[[363, 376]]
[[362, 375]]
[[345, 375]]
[[344, 374]]
[[342, 374]]
[[341, 373]]
[[339, 373]]
[[338, 372]]
[[337, 372]]
[[336, 371]]
[[335, 371]]
[[333, 369]]
[[332, 369]]
[[330, 367]]
[[329, 367]]
[[326, 364]]
[[325, 364]]
[[321, 360]]
[[320, 360]]
[[317, 357]]
[[316, 357]]
[[312, 361]]
[[312, 362]]
[[308, 366]]
[[308, 367]]
[[310, 369]]
[[311, 369]]
[[316, 374]]
[[317, 374]]
[[321, 378]]
[[322, 378]]
[[324, 380]]
[[325, 380]]
[[326, 381]]
[[327, 381]]
[[329, 383]]
[[330, 383]]
[[331, 384]]
[[332, 384]]
[[333, 385]]
[[334, 385]]
[[335, 386]]
[[337, 386]]
[[338, 387]]
[[341, 387]]
[[342, 388]]
[[360, 388]]
[[361, 389]]
[[365, 389]]
[[366, 390]]
[[369, 390]]
[[370, 391]]
[[371, 391]]
[[372, 392]]
[[373, 392]]
[[374, 393]]
[[375, 393]]
[[376, 394]]
[[377, 394]]
[[379, 396]]
[[380, 396]]
[[389, 405]]
[[389, 406]]
[[392, 409]]
[[392, 410]]
[[394, 412]]
[[394, 413]]
[[395, 414]]
[[395, 415]]
[[396, 416]]
[[396, 417]]
[[397, 418]]
[[397, 420]]
[[393, 424]]
[[392, 424]]
[[388, 428]]
[[387, 428]]
[[383, 432]]
[[382, 432]]
[[379, 435]]
[[378, 435]]
[[376, 437]]
[[375, 437]]
[[373, 439]]
[[372, 439]]
[[370, 441]]
[[369, 441]]
[[367, 443]]
[[366, 443]]
[[364, 445]]
[[363, 445]]
[[362, 446]]
[[361, 446]]
[[359, 448]]
[[358, 448]]
[[357, 449]]
[[356, 449]]
[[355, 450]]
[[354, 450]]
[[352, 452]]
[[351, 452]]
[[350, 453]]
[[349, 453]]
[[348, 452]]
[[348, 451]]
[[347, 450]]
[[347, 449]]
[[346, 448]]
[[346, 447]]
[[345, 446]]
[[345, 445]]
[[344, 444]]
[[344, 443]]
[[343, 442]]
[[343, 441]]
[[341, 439]]
[[341, 438]]
[[339, 436]]
[[339, 435]]
[[337, 433]]
[[337, 432]]
[[326, 421]]
[[325, 421]]
[[323, 419]]
[[322, 419]]
[[321, 418]]
[[320, 418]]
[[319, 417]]
[[318, 417]]
[[317, 416]]
[[316, 416]]
[[315, 415]]
[[313, 415]]
[[312, 414]]
[[309, 414]]
[[308, 413]]
[[302, 413]]
[[302, 426]]
[[304, 426]]
[[305, 427]]
[[309, 427]]
[[310, 428]]
[[312, 428]]
[[314, 430]]
[[315, 430]]
[[317, 432]]
[[318, 432]]
[[326, 440]]
[[326, 441]]
[[329, 444]]
[[329, 445]]
[[331, 447]]
[[331, 448]]
[[332, 449]]
[[332, 450]]
[[333, 451]]
[[333, 452]]
[[334, 453]]
[[334, 454]]
[[335, 455]]
[[335, 456]]
[[336, 457]]
[[336, 459]]
[[335, 460]]
[[334, 460]]
[[333, 461]]
[[332, 461]]
[[331, 462]]
[[329, 462]]
[[328, 463]]
[[327, 463]]
[[326, 464]]
[[324, 464]]
[[323, 465]]
[[321, 465]]
[[320, 466]]
[[319, 466]]
[[318, 467]]
[[316, 467]]
[[315, 468]]
[[313, 468]]
[[312, 469]]
[[310, 469]]
[[309, 470]]
[[306, 470]]
[[305, 471]]
[[303, 471]]
[[302, 472]]
[[299, 472]]
[[298, 473]]
[[295, 473]]
[[294, 474]]
[[291, 474]]
[[290, 475]]
[[285, 475]]
[[284, 476]]
[[283, 475]]
[[280, 475]]
[[279, 474]]
[[278, 474]]
[[273, 469]]
[[273, 468]]
[[271, 466]]
[[271, 465]]
[[270, 464]]
[[270, 463]]
[[269, 462]]
[[269, 460]]
[[268, 459]]
[[268, 457]]
[[267, 456]]
[[267, 454]]
[[266, 453]]
[[266, 450]]
[[265, 449]]
[[265, 444]]
[[264, 443]]
[[264, 437]]
[[263, 436]]
[[263, 422]]
[[262, 421]]
[[262, 414]]
[[261, 413]]
[[261, 411]]
[[260, 410]]
[[260, 409]]
[[259, 408]]
[[259, 407]]
[[253, 401]]
[[252, 401]]
[[251, 400]]
[[250, 400]]
[[249, 399]]
[[245, 399]]
[[244, 398]]
[[238, 398]]
[[237, 399]]
[[234, 399]]
[[233, 400]]
[[231, 400]]
[[230, 401]]
[[229, 401]]
[[224, 406]]
[[224, 407]]
[[222, 409]]
[[222, 411]]
[[221, 412]]
[[221, 414]]
[[220, 415]]
[[220, 425]]
[[219, 426]]
[[219, 437]]
[[218, 438]]
[[218, 444]]
[[217, 445]]
[[217, 449]]
[[216, 450]]
[[216, 453]]
[[215, 454]]
[[215, 457]]
[[214, 458]]
[[214, 460]]
[[213, 461]]
[[213, 462]]
[[212, 463]]
[[212, 464]]
[[211, 465]]
[[211, 466]]
[[210, 467]]
[[210, 468]]
[[204, 474]]
[[203, 474]]
[[202, 475]]
[[194, 475]]
[[193, 474]]
[[189, 474]]
[[188, 473]]
[[185, 473]]
[[184, 472]]
[[182, 472]]
[[181, 471]]
[[178, 471]]
[[177, 470]]
[[175, 470]]
[[174, 469]]
[[172, 469]]
[[171, 468]]
[[169, 468]]
[[168, 467]]
[[166, 467]]
[[165, 466]]
[[163, 466]]
[[162, 465]]
[[160, 465]]
[[159, 464]]
[[158, 464]]
[[157, 463]]
[[155, 463]]
[[154, 462]]
[[153, 462]]
[[152, 461]]
[[150, 461]]
[[149, 460]]
[[148, 460]]
[[147, 459]]
[[147, 458]]
[[148, 457]]
[[148, 456]]
[[149, 455]]
[[149, 454]]
[[150, 453]]
[[150, 452]]
[[151, 451]]
[[151, 450]]
[[152, 449]]
[[152, 448]]
[[153, 447]]
[[153, 446]]
[[155, 444]]
[[155, 443]]
[[158, 440]]
[[158, 439]]
[[164, 433]]
[[165, 433]]
[[168, 430]]
[[169, 430]]
[[170, 429]]
[[171, 429]]
[[172, 428]]
[[173, 428]]
[[174, 427]]
[[178, 427]]
[[179, 426]]
[[182, 426]]
[[182, 413]]
[[175, 413]]
[[174, 414]]
[[171, 414]]
[[170, 415]]
[[168, 415]]
[[167, 416]]
[[166, 416]]
[[165, 417]]
[[164, 417]]
[[163, 418]]
[[162, 418]]
[[161, 419]]
[[160, 419]]
[[157, 422]]
[[156, 422]]
[[148, 430]]
[[148, 431]]
[[145, 434]]
[[145, 435]]
[[143, 437]]
[[143, 438]]
[[141, 440]]
[[141, 441]]
[[140, 442]]
[[140, 443]]
[[139, 444]]
[[139, 445]]
[[138, 446]]
[[138, 447]]
[[137, 448]]
[[137, 449]]
[[136, 450]]
[[136, 451]]
[[134, 453]]
[[133, 452]]
[[132, 452]]
[[131, 451]]
[[130, 451]]
[[129, 450]]
[[128, 450]]
[[127, 449]]
[[126, 449]]
[[124, 447]]
[[123, 447]]
[[122, 446]]
[[121, 446]]
[[119, 444]]
[[118, 444]]
[[117, 443]]
[[116, 443]]
[[114, 441]]
[[113, 441]]
[[111, 439]]
[[110, 439]]
[[107, 436]]
[[106, 436]]
[[104, 434]]
[[103, 434]]
[[99, 430]]
[[98, 430]]
[[95, 427]]
[[94, 427]]
[[89, 422]]
[[88, 422]]
[[86, 420]]
[[86, 418]]
[[87, 417]]
[[87, 416]]
[[88, 415]]
[[88, 414]]
[[90, 412]]
[[90, 411]]
[[92, 409]]
[[92, 408]]
[[95, 405]]
[[95, 404]]
[[102, 397]]
[[103, 397]]
[[105, 395]]
[[106, 395]]
[[108, 393]]
[[109, 393]]
[[110, 392]]
[[111, 392]]
[[112, 391]]
[[114, 391]]
[[115, 390]]
[[117, 390]]
[[118, 389]]
[[123, 389]]
[[124, 388]]
[[141, 388]]
[[142, 387]]
[[145, 387]]
[[146, 386]]
[[148, 386]]
[[149, 385]]
[[150, 385]]
[[151, 384]]
[[152, 384]]
[[153, 383]]
[[154, 383]]
[[155, 382]]
[[156, 382]]
[[158, 380]]
[[159, 380]]
[[160, 379]]
[[161, 379]]
[[164, 376]]
[[165, 376]]
[[170, 371]]
[[171, 371]]
[[175, 367]]
[[175, 366]]
[[174, 365]]
[[174, 364]]
[[167, 357]]
[[166, 357]]
[[161, 362]]
[[160, 362]]
[[157, 365]]
[[156, 365]]
[[153, 368]]
[[152, 368]]
[[150, 370]]
[[149, 370]]
[[148, 371]]
[[147, 371]]
[[146, 372]]
[[145, 372]]
[[144, 373]]
[[143, 373]]
[[142, 374]]
[[140, 374]]
[[139, 375]]
[[121, 375]]
[[120, 376]]
[[115, 376]]
[[114, 377]]
[[111, 377]]
[[110, 378]]
[[109, 378]]
[[108, 379]]
[[106, 379]]
[[105, 380]]
[[104, 380]]
[[103, 381]]
[[102, 381]]
[[101, 382]]
[[100, 382]]
[[98, 384]]
[[97, 384]]
[[94, 387]]
[[93, 387]]
[[86, 394]]
[[86, 395]]
[[82, 399]]
[[82, 400]]
[[80, 402]]
[[80, 403]]
[[78, 405]]
[[78, 406]]
[[75, 409]]
[[64, 398]]
[[64, 397]]
[[59, 392]]
[[59, 391]]
[[55, 387]]
[[55, 386]]
[[52, 383]]
[[52, 382]]
[[50, 380]]
[[50, 379]]
[[47, 376]]
[[47, 375]]
[[45, 373]]
[[45, 372]]
[[43, 370]]
[[43, 369]]
[[41, 367]]
[[41, 366]]
[[40, 365]]
[[40, 364]]
[[39, 363]]
[[39, 362]]
[[37, 360]]
[[37, 359]]
[[36, 358]]
[[36, 357]]
[[35, 356]]
[[35, 355]]
[[34, 354]]
[[34, 353]]
[[32, 351]]
[[32, 350]]
[[31, 349]]
[[31, 348]]
[[30, 347]]
[[30, 345]]
[[28, 343]]
[[28, 341]]
[[27, 340]]
[[27, 339]]
[[26, 338]]
[[26, 337]]
[[25, 336]]
[[25, 334]]
[[24, 333]]
[[24, 332]]
[[23, 331]]
[[23, 330]]
[[22, 329]]
[[22, 327]]
[[21, 326]]
[[21, 324]]
[[20, 323]]
[[20, 322]]
[[19, 321]]
[[19, 319]]
[[18, 318]]
[[18, 316]]
[[17, 315]]
[[17, 313]]
[[16, 312]]
[[16, 309]]
[[15, 308]]
[[15, 306]]
[[14, 305]]
[[14, 302]]
[[13, 301]]
[[13, 298]]
[[12, 297]]
[[12, 293]]
[[11, 292]]
[[11, 289]]
[[10, 288]]
[[10, 284]]
[[9, 283]]
[[9, 277]]
[[8, 276]]
[[8, 270]]
[[7, 269]]
[[7, 258]]
[[6, 257]]
[[6, 256]]
[[7, 255]]
[[109, 255]]
[[110, 256]]
[[112, 256]]
[[113, 257]]
[[115, 257]]
[[116, 258]]
[[117, 258]]
[[118, 259]]
[[119, 259]]
[[121, 261]]
[[122, 261]]
[[130, 269]]
[[130, 270]]
[[132, 272]]
[[132, 274]]
[[133, 275]]
[[133, 276]]
[[134, 277]]
[[134, 279]]
[[135, 280]]
[[135, 284]]
[[136, 285]]
[[136, 292]]
[[135, 293]]
[[135, 297]]
[[134, 298]]
[[134, 300]]
[[133, 301]]
[[133, 302]]
[[132, 303]]
[[132, 304]]
[[131, 305]]
[[131, 306]]
[[129, 308]]
[[129, 309]]
[[123, 315]]
[[122, 315]]
[[119, 318]]
[[118, 318]]
[[117, 319]]
[[116, 319]]
[[115, 320]]
[[113, 320]]
[[112, 321]]
[[109, 321]]
[[108, 322]]
[[96, 322]]
[[95, 321]]
[[92, 321]]
[[91, 320]]
[[89, 320]]
[[88, 319]]
[[87, 319]]
[[86, 318]]
[[85, 318]]
[[83, 316]]
[[82, 316]]
[[76, 310]]
[[76, 309]]
[[73, 306]]
[[73, 305]]
[[72, 304]]
[[72, 303]]
[[71, 302]]
[[71, 301]]
[[70, 300]]
[[70, 298]]
[[69, 297]]
[[69, 291]]
[[68, 290]]
[[68, 289]]
[[55, 289]]
[[55, 294]]
[[56, 295]]
[[56, 299]]
[[57, 300]]
[[57, 303]]
[[58, 304]]
[[58, 305]]
[[59, 306]]
[[59, 308]]
[[60, 309]]
[[60, 310]]
[[61, 311]]
[[61, 312]]
[[63, 314]]
[[63, 315]]
[[65, 317]]
[[65, 318]]
[[72, 325]]
[[73, 325]]
[[76, 328]]
[[77, 328]]
[[78, 329]]
[[79, 329]]
[[81, 331]]
[[83, 331]]
[[84, 332]]
[[85, 332]]
[[86, 333]]
[[88, 333]]
[[89, 334]]
[[92, 334]]
[[93, 335]]
[[100, 335]]
[[101, 336]]
[[103, 336]]
[[104, 335]]
[[111, 335]]
[[112, 334]]
[[115, 334]]
[[116, 333]]
[[118, 333]]
[[119, 332]]
[[121, 332]]
[[122, 331]]
[[123, 331]]
[[124, 330]]
[[125, 330]]
[[127, 328]]
[[128, 328]]
[[130, 326]]
[[131, 326]]
[[139, 318]]
[[139, 317]]
[[142, 314]]
[[142, 313]]
[[143, 312]]
[[143, 311]]
[[144, 310]]
[[144, 309]]
[[145, 308]]
[[145, 307]]
[[146, 306]]
[[146, 304]]
[[147, 303]]
[[147, 301]]
[[148, 300]]
[[148, 296]]
[[149, 295]]
[[149, 281]]
[[148, 280]]
[[148, 277]]
[[147, 276]]
[[147, 273]]
[[146, 272]]
[[146, 271]]
[[145, 270]]
[[145, 268]]
[[143, 266]]
[[143, 265]]
[[142, 264]]
[[142, 263]]
[[140, 261]]
[[140, 260]]
[[130, 250]]
[[129, 250]]
[[127, 248]]
[[126, 248]]
[[125, 247]]
[[124, 247]]
[[123, 246]]
[[122, 246]]
[[121, 245]]
[[119, 245]]
[[118, 244]]
[[117, 244]]
[[116, 243]]
[[113, 243]]
[[112, 242]]
[[107, 242]]
[[106, 241]]
[[7, 241]]
[[6, 240]]
[[6, 224]]
[[7, 223]]
[[7, 214]]
[[8, 213]]
[[8, 206]]
[[9, 205]]
[[9, 200]]
[[10, 199]]
[[10, 195]]
[[11, 194]]
[[11, 190]]
[[12, 189]]
[[12, 186]]
[[13, 185]]
[[13, 182]]
[[14, 181]]
[[14, 178]]
[[15, 177]]
[[15, 175]]
[[16, 174]]
[[16, 171]]
[[17, 170]]
[[17, 168]]
[[18, 167]]
[[18, 165]]
[[19, 164]]
[[19, 162]]
[[20, 161]]
[[20, 160]]
[[21, 159]]
[[21, 157]]
[[22, 156]]
[[22, 154]]
[[23, 153]]
[[23, 152]]
[[24, 151]]
[[24, 149]]
[[25, 148]]
[[25, 147]]
[[26, 146]]
[[26, 145]]
[[27, 144]]
[[27, 143]]
[[28, 142]]
[[28, 140]]
[[29, 139]]
[[29, 138]]
[[30, 137]]
[[30, 136]]
[[31, 135]]
[[31, 134]]
[[32, 133]]
[[32, 132]]
[[33, 131]]
[[33, 130]]
[[34, 129]]
[[34, 128]]
[[36, 126]]
[[36, 125]]
[[37, 124]]
[[37, 123]]
[[38, 122]]
[[38, 121]]
[[40, 119]]
[[40, 118]]
[[42, 116]]
[[42, 115]]
[[43, 114]]
[[43, 113]]
[[45, 111]]
[[45, 110]]
[[47, 108]]
[[47, 107]]
[[48, 106]]
[[49, 106]]
[[50, 107]]
[[50, 109]]
[[51, 110]]
[[51, 112]]
[[52, 113]]
[[52, 114]]
[[53, 115]]
[[53, 117]]
[[55, 119]]
[[55, 120]]
[[56, 121]]
[[56, 122]]
[[58, 124]]
[[58, 125]]
[[61, 128]]
[[61, 129]]
[[68, 136]]
[[69, 136]]
[[73, 140]]
[[74, 140]]
[[76, 142]]
[[77, 142]]
[[78, 143]]
[[79, 143]]
[[80, 144]]
[[81, 144]]
[[82, 145]]
[[83, 145]]
[[84, 146]]
[[85, 146]]
[[86, 147]]
[[88, 147]]
[[89, 148]]
[[91, 148]]
[[92, 149]]
[[95, 149]]
[[96, 150]]
[[101, 150]]
[[102, 151]]
[[102, 148]]
[[103, 147]]
[[103, 139]]
[[104, 138]]
[[103, 137]]
[[99, 137]]
[[98, 136]]
[[95, 136]]
[[94, 135]]
[[93, 135]]
[[92, 134]]
[[90, 134]]
[[89, 133]]
[[88, 133]]
[[87, 132]]
[[86, 132]]
[[85, 131]]
[[84, 131]]
[[82, 129]]
[[81, 129]]
[[79, 127]]
[[78, 127]]
[[71, 120]]
[[71, 119]]
[[69, 117]]
[[69, 116]]
[[67, 114]]
[[67, 113]]
[[65, 111]]
[[65, 109]]
[[64, 108]]
[[64, 107]]
[[63, 106]]
[[63, 104]]
[[62, 103]]
[[62, 101]]
[[61, 100]]
[[61, 95]]
[[60, 94]]
[[60, 90]]
[[64, 86]]
[[64, 85]]
[[89, 60]]
[[90, 60]]
[[94, 56]]
[[95, 56]]
[[99, 52]]
[[100, 52]]
[[103, 49]]
[[104, 49]]
[[107, 46]]
[[108, 46]]
[[110, 44]]
[[111, 44]]
[[113, 42]]
[[114, 42]]
[[116, 40]]
[[117, 40]]
[[118, 39]]
[[119, 39]]
[[121, 37]]
[[122, 37]]
[[124, 35]]
[[125, 35]]
[[126, 34]]
[[127, 34]]
[[128, 33]]
[[129, 33]]
[[130, 32]]
[[131, 32]]
[[133, 30]]
[[134, 30]]
[[135, 29]]
[[136, 29]]
[[137, 28]]
[[138, 28]]
[[139, 27]]
[[140, 27]]
[[141, 26]]
[[142, 26]]
[[143, 25]]
[[144, 25]]
[[145, 24]]
[[147, 24]]
[[148, 23]]
[[149, 23]]
[[150, 22]]
[[151, 22]]
[[152, 21]]
[[154, 21]]
[[155, 20]]
[[156, 20]]
[[157, 19]]
[[159, 19]]
[[160, 18]]
[[162, 18]]
[[163, 17]]
[[164, 17]]
[[165, 16]]
[[167, 16]]
[[168, 15]]
[[170, 15]]
[[171, 14]]
[[173, 14]]
[[174, 13]]
[[177, 13]]
[[178, 12]]
[[180, 12]]
[[181, 11]]
[[184, 11]]
[[185, 10]]
[[188, 10]]
[[189, 9]]
[[193, 9]]
[[194, 8]]
[[202, 8]]
[[203, 9]]
[[204, 9]]
[[210, 15]]
[[210, 16]]
[[211, 17]]
[[211, 18]]
[[212, 19]]
[[212, 20]]
[[213, 21]]
[[213, 22]]
[[214, 23]]
[[214, 25]]
[[215, 26]]
[[215, 28]]
[[216, 29]]
[[216, 33]]
[[217, 34]]
[[217, 38]]
[[218, 39]]
[[218, 45]]
[[219, 46]]
[[219, 57]]
[[220, 58]]
[[220, 68]]
[[221, 69]]
[[221, 71]]
[[222, 72]]
[[222, 74]]
[[224, 76]]
[[224, 77]]
[[229, 82]]
[[230, 82]]
[[231, 83]]
[[232, 83]]
[[233, 84]]
[[236, 84]]
[[237, 85]]
[[245, 85]]
[[246, 84]]
[[249, 84]]
[[250, 83]]
[[251, 83]]
[[252, 82]]
[[253, 82]]
[[259, 76]]
[[259, 75]]
[[260, 74]]
[[260, 73]]
[[261, 72]]
[[261, 70]]
[[262, 69]]
[[262, 65]]
[[263, 64]]
[[263, 47]]
[[264, 46]]
[[264, 40]]
[[265, 39]]
[[265, 35]]
[[266, 34]]
[[266, 30]]
[[267, 29]]
[[267, 27]]
[[268, 26]]
[[268, 24]]
[[269, 23]]
[[269, 21]]
[[270, 20]]
[[270, 19]]
[[271, 18]]
[[271, 17]]
[[273, 15]]
[[273, 14]]
[[278, 9]]
[[279, 9]]
[[280, 8]]
[[284, 8]]
[[285, 7]]
[[286, 8]]
[[290, 8]]
[[291, 9]]
[[294, 9]]
[[295, 10]]
[[298, 10]]
[[299, 11]]
[[302, 11]]
[[303, 12]]
[[306, 12]]
[[307, 13]]
[[309, 13]]
[[310, 14]]
[[312, 14]]
[[313, 15]]
[[315, 15]]
[[316, 16]]
[[318, 16]]
[[319, 17]]
[[321, 17]]
[[322, 18]]
[[324, 18]]
[[325, 19]]
[[326, 19]]
[[327, 20]]
[[328, 20]]
[[329, 21]]
[[331, 21]]
[[332, 22]]
[[333, 22]]
[[334, 23]]
[[336, 23]]
[[337, 24]]
[[338, 24]]
[[339, 25]]
[[340, 25]]
[[341, 26]]
[[342, 26]]
[[343, 27]]
[[344, 27]]
[[345, 28]]
[[346, 28]]
[[347, 29]]
[[348, 29]]
[[349, 30]]
[[350, 30]]
[[351, 31]]
[[352, 31]]
[[353, 32]]
[[354, 32]]
[[356, 34]]
[[357, 34]]
[[358, 35]]
[[359, 35]]
[[360, 36]]
[[361, 36]]
[[363, 38]]
[[364, 38]]
[[366, 40]]
[[367, 40]]
[[368, 41]]
[[369, 41]]
[[372, 44]]
[[373, 44]]
[[374, 45]]
[[375, 45]]
[[378, 48]]
[[379, 48]]
[[382, 51]]
[[383, 51]]
[[386, 54]]
[[387, 54]]
[[392, 59]]
[[393, 59]]
[[400, 66]]
[[401, 66]]
[[413, 78]]
[[413, 79]]
[[414, 79]]
[[415, 80]]
[[415, 81]]
[[422, 88]]
[[422, 89]]
[[423, 90]]
[[423, 96]]
[[422, 97]]
[[422, 101]]
[[421, 102]]
[[421, 104]]
[[420, 105]]
[[420, 107]]
[[419, 108]]
[[419, 109]]
[[418, 110]]
[[418, 111]]
[[417, 112]]
[[417, 113]]
[[416, 114]]
[[416, 115]]
[[413, 118]]
[[413, 119]]
[[404, 128]]
[[403, 128]]
[[401, 130]]
[[400, 130]]
[[399, 131]]
[[398, 131]]
[[396, 133]]
[[394, 133]]
[[393, 134]]
[[392, 134]]
[[391, 135]]
[[389, 135]]
[[388, 136]]
[[385, 136]]
[[384, 137]]
[[380, 137]]
[[380, 144]]
[[381, 145]]
[[381, 150]]
[[387, 150]]
[[388, 149]]
[[391, 149]]
[[392, 148]]
[[394, 148]]
[[395, 147]]
[[397, 147]]
[[398, 146]]
[[399, 146]]
[[400, 145]]
[[401, 145]]
[[402, 144]]
[[403, 144]]
[[404, 143]]
[[405, 143]]
[[406, 142]]
[[407, 142]]
[[408, 141]]
[[409, 141]]
[[412, 138]]
[[413, 138]]
[[423, 128]]
[[423, 127]]
[[426, 124]]
[[426, 123]]
[[428, 121]]
[[428, 120]]
[[429, 119]]
[[429, 118]]
[[430, 117]]
[[430, 116]]
[[431, 115]]
[[431, 114]]
[[432, 113]]
[[432, 111]]
[[433, 110]]
[[433, 109]]
[[434, 108]]
[[434, 107]]
[[435, 106]]
[[437, 108]]
[[437, 109]]
[[439, 111]]
[[439, 112]]
[[441, 114]]
[[441, 115]]
[[442, 116]]
[[442, 117]]
[[444, 119]]
[[444, 120]]
[[445, 121]]
[[445, 122]]
[[447, 124]]
[[447, 125]]
[[448, 126]]
[[448, 127]]
[[449, 128]]
[[449, 129]]
[[450, 130]]
[[450, 131]]
[[451, 132]]
[[451, 133]]
[[452, 134]]
[[452, 135]]
[[453, 136]]
[[453, 137]]
[[454, 138]]
[[454, 139]]
[[455, 140]]
[[455, 141]]
[[456, 142]]
[[456, 143]]
[[457, 144]]
[[457, 145]]
[[458, 146]]
[[458, 148]]
[[459, 149]]
[[459, 150]]
[[460, 151]]
[[460, 153]]
[[461, 154]]
[[461, 155]]
[[462, 156]]
[[462, 158]]
[[463, 159]]
[[463, 161]]
[[464, 162]]
[[464, 163]]
[[465, 164]]
[[465, 166]]
[[466, 167]]
[[466, 169]]
[[467, 170]]
[[467, 172]]
[[468, 173]]
[[468, 176]]
[[469, 177]]
[[469, 180]]
[[470, 181]]
[[470, 183]]
[[471, 184]]
[[471, 188]]
[[472, 189]]
[[472, 192]]
[[473, 193]]
[[473, 197]]
[[474, 198]]
[[474, 203]]
[[475, 204]]
[[475, 210]]
[[476, 211]]
[[476, 219]]
[[476, 1]]
****************************************************************************************************
contours_list
[[1, 1]]
[[1, 476]]
[[476, 476]]
[[476, 264]]
[[476, 271]]
[[475, 272]]
[[475, 279]]
[[474, 280]]
[[474, 284]]
[[473, 285]]
[[473, 289]]
[[472, 290]]
[[472, 294]]
[[471, 295]]
[[471, 298]]
[[470, 299]]
[[470, 302]]
[[469, 303]]
[[469, 306]]
[[468, 307]]
[[468, 309]]
[[467, 310]]
[[467, 313]]
[[466, 314]]
[[466, 315]]
[[465, 316]]
[[465, 319]]
[[464, 320]]
[[464, 322]]
[[463, 323]]
[[463, 324]]
[[462, 325]]
[[462, 327]]
[[461, 328]]
[[461, 329]]
[[460, 330]]
[[460, 332]]
[[459, 333]]
[[459, 334]]
[[458, 335]]
[[458, 336]]
[[457, 337]]
[[457, 339]]
[[456, 340]]
[[456, 341]]
[[455, 342]]
[[455, 343]]
[[454, 344]]
[[454, 345]]
[[453, 346]]
[[453, 347]]
[[452, 348]]
[[452, 349]]
[[451, 350]]
[[451, 351]]
[[450, 352]]
[[450, 353]]
[[449, 354]]
[[449, 355]]
[[448, 356]]
[[448, 357]]
[[447, 358]]
[[447, 359]]
[[445, 361]]
[[445, 362]]
[[444, 363]]
[[444, 364]]
[[442, 366]]
[[442, 367]]
[[440, 369]]
[[440, 370]]
[[439, 371]]
[[439, 372]]
[[437, 374]]
[[437, 375]]
[[435, 377]]
[[435, 378]]
[[432, 381]]
[[432, 382]]
[[429, 385]]
[[429, 386]]
[[426, 389]]
[[426, 390]]
[[420, 396]]
[[420, 397]]
[[413, 404]]
[[413, 405]]
[[410, 408]]
[[409, 408]]
[[408, 409]]
[[406, 407]]
[[406, 406]]
[[404, 404]]
[[404, 403]]
[[402, 401]]
[[402, 400]]
[[400, 398]]
[[400, 397]]
[[389, 386]]
[[388, 386]]
[[386, 384]]
[[385, 384]]
[[383, 382]]
[[382, 382]]
[[381, 381]]
[[380, 381]]
[[379, 380]]
[[378, 380]]
[[377, 379]]
[[376, 379]]
[[375, 378]]
[[373, 378]]
[[372, 377]]
[[369, 377]]
[[368, 376]]
[[363, 376]]
[[362, 375]]
[[345, 375]]
[[344, 374]]
[[342, 374]]
[[341, 373]]
[[339, 373]]
[[338, 372]]
[[337, 372]]
[[336, 371]]
[[335, 371]]
[[333, 369]]
[[332, 369]]
[[330, 367]]
[[329, 367]]
[[326, 364]]
[[325, 364]]
[[321, 360]]
[[320, 360]]
[[317, 357]]
[[316, 357]]
[[312, 361]]
[[312, 362]]
[[308, 366]]
[[308, 367]]
[[310, 369]]
[[311, 369]]
[[316, 374]]
[[317, 374]]
[[321, 378]]
[[322, 378]]
[[324, 380]]
[[325, 380]]
[[326, 381]]
[[327, 381]]
[[329, 383]]
[[330, 383]]
[[331, 384]]
[[332, 384]]
[[333, 385]]
[[334, 385]]
[[335, 386]]
[[337, 386]]
[[338, 387]]
[[341, 387]]
[[342, 388]]
[[360, 388]]
[[361, 389]]
[[365, 389]]
[[366, 390]]
[[369, 390]]
[[370, 391]]
[[371, 391]]
[[372, 392]]
[[373, 392]]
[[374, 393]]
[[375, 393]]
[[376, 394]]
[[377, 394]]
[[379, 396]]
[[380, 396]]
[[389, 405]]
[[389, 406]]
[[392, 409]]
[[392, 410]]
[[394, 412]]
[[394, 413]]
[[395, 414]]
[[395, 415]]
[[396, 416]]
[[396, 417]]
[[397, 418]]
[[397, 420]]
[[393, 424]]
[[392, 424]]
[[388, 428]]
[[387, 428]]
[[383, 432]]
[[382, 432]]
[[379, 435]]
[[378, 435]]
[[376, 437]]
[[375, 437]]
[[373, 439]]
[[372, 439]]
[[370, 441]]
[[369, 441]]
[[367, 443]]
[[366, 443]]
[[364, 445]]
[[363, 445]]
[[362, 446]]
[[361, 446]]
[[359, 448]]
[[358, 448]]
[[357, 449]]
[[356, 449]]
[[355, 450]]
[[354, 450]]
[[352, 452]]
[[351, 452]]
[[350, 453]]
[[349, 453]]
[[348, 452]]
[[348, 451]]
[[347, 450]]
[[347, 449]]
[[346, 448]]
[[346, 447]]
[[345, 446]]
[[345, 445]]
[[344, 444]]
[[344, 443]]
[[343, 442]]
[[343, 441]]
[[341, 439]]
[[341, 438]]
[[339, 436]]
[[339, 435]]
[[337, 433]]
[[337, 432]]
[[326, 421]]
[[325, 421]]
[[323, 419]]
[[322, 419]]
[[321, 418]]
[[320, 418]]
[[319, 417]]
[[318, 417]]
[[317, 416]]
[[316, 416]]
[[315, 415]]
[[313, 415]]
[[312, 414]]
[[309, 414]]
[[308, 413]]
[[302, 413]]
[[302, 426]]
[[304, 426]]
[[305, 427]]
[[309, 427]]
[[310, 428]]
[[312, 428]]
[[314, 430]]
[[315, 430]]
[[317, 432]]
[[318, 432]]
[[326, 440]]
[[326, 441]]
[[329, 444]]
[[329, 445]]
[[331, 447]]
[[331, 448]]
[[332, 449]]
[[332, 450]]
[[333, 451]]
[[333, 452]]
[[334, 453]]
[[334, 454]]
[[335, 455]]
[[335, 456]]
[[336, 457]]
[[336, 459]]
[[335, 460]]
[[334, 460]]
[[333, 461]]
[[332, 461]]
[[331, 462]]
[[329, 462]]
[[328, 463]]
[[327, 463]]
[[326, 464]]
[[324, 464]]
[[323, 465]]
[[321, 465]]
[[320, 466]]
[[319, 466]]
[[318, 467]]
[[316, 467]]
[[315, 468]]
[[313, 468]]
[[312, 469]]
[[310, 469]]
[[309, 470]]
[[306, 470]]
[[305, 471]]
[[303, 471]]
[[302, 472]]
[[299, 472]]
[[298, 473]]
[[295, 473]]
[[294, 474]]
[[291, 474]]
[[290, 475]]
[[285, 475]]
[[284, 476]]
[[283, 475]]
[[280, 475]]
[[279, 474]]
[[278, 474]]
[[273, 469]]
[[273, 468]]
[[271, 466]]
[[271, 465]]
[[270, 464]]
[[270, 463]]
[[269, 462]]
[[269, 460]]
[[268, 459]]
[[268, 457]]
[[267, 456]]
[[267, 454]]
[[266, 453]]
[[266, 450]]
[[265, 449]]
[[265, 444]]
[[264, 443]]
[[264, 437]]
[[263, 436]]
[[263, 422]]
[[262, 421]]
[[262, 414]]
[[261, 413]]
[[261, 411]]
[[260, 410]]
[[260, 409]]
[[259, 408]]
[[259, 407]]
[[253, 401]]
[[252, 401]]
[[251, 400]]
[[250, 400]]
[[249, 399]]
[[245, 399]]
[[244, 398]]
[[238, 398]]
[[237, 399]]
[[234, 399]]
[[233, 400]]
[[231, 400]]
[[230, 401]]
[[229, 401]]
[[224, 406]]
[[224, 407]]
[[222, 409]]
[[222, 411]]
[[221, 412]]
[[221, 414]]
[[220, 415]]
[[220, 425]]
[[219, 426]]
[[219, 437]]
[[218, 438]]
[[218, 444]]
[[217, 445]]
[[217, 449]]
[[216, 450]]
[[216, 453]]
[[215, 454]]
[[215, 457]]
[[214, 458]]
[[214, 460]]
[[213, 461]]
[[213, 462]]
[[212, 463]]
[[212, 464]]
[[211, 465]]
[[211, 466]]
[[210, 467]]
[[210, 468]]
[[204, 474]]
[[203, 474]]
[[202, 475]]
[[194, 475]]
[[193, 474]]
[[189, 474]]
[[188, 473]]
[[185, 473]]
[[184, 472]]
[[182, 472]]
[[181, 471]]
[[178, 471]]
[[177, 470]]
[[175, 470]]
[[174, 469]]
[[172, 469]]
[[171, 468]]
[[169, 468]]
[[168, 467]]
[[166, 467]]
[[165, 466]]
[[163, 466]]
[[162, 465]]
[[160, 465]]
[[159, 464]]
[[158, 464]]
[[157, 463]]
[[155, 463]]
[[154, 462]]
[[153, 462]]
[[152, 461]]
[[150, 461]]
[[149, 460]]
[[148, 460]]
[[147, 459]]
[[147, 458]]
[[148, 457]]
[[148, 456]]
[[149, 455]]
[[149, 454]]
[[150, 453]]
[[150, 452]]
[[151, 451]]
[[151, 450]]
[[152, 449]]
[[152, 448]]
[[153, 447]]
[[153, 446]]
[[155, 444]]
[[155, 443]]
[[158, 440]]
[[158, 439]]
[[164, 433]]
[[165, 433]]
[[168, 430]]
[[169, 430]]
[[170, 429]]
[[171, 429]]
[[172, 428]]
[[173, 428]]
[[174, 427]]
[[178, 427]]
[[179, 426]]
[[182, 426]]
[[182, 413]]
[[175, 413]]
[[174, 414]]
[[171, 414]]
[[170, 415]]
[[168, 415]]
[[167, 416]]
[[166, 416]]
[[165, 417]]
[[164, 417]]
[[163, 418]]
[[162, 418]]
[[161, 419]]
[[160, 419]]
[[157, 422]]
[[156, 422]]
[[148, 430]]
[[148, 431]]
[[145, 434]]
[[145, 435]]
[[143, 437]]
[[143, 438]]
[[141, 440]]
[[141, 441]]
[[140, 442]]
[[140, 443]]
[[139, 444]]
[[139, 445]]
[[138, 446]]
[[138, 447]]
[[137, 448]]
[[137, 449]]
[[136, 450]]
[[136, 451]]
[[134, 453]]
[[133, 452]]
[[132, 452]]
[[131, 451]]
[[130, 451]]
[[129, 450]]
[[128, 450]]
[[127, 449]]
[[126, 449]]
[[124, 447]]
[[123, 447]]
[[122, 446]]
[[121, 446]]
[[119, 444]]
[[118, 444]]
[[117, 443]]
[[116, 443]]
[[114, 441]]
[[113, 441]]
[[111, 439]]
[[110, 439]]
[[107, 436]]
[[106, 436]]
[[104, 434]]
[[103, 434]]
[[99, 430]]
[[98, 430]]
[[95, 427]]
[[94, 427]]
[[89, 422]]
[[88, 422]]
[[86, 420]]
[[86, 418]]
[[87, 417]]
[[87, 416]]
[[88, 415]]
[[88, 414]]
[[90, 412]]
[[90, 411]]
[[92, 409]]
[[92, 408]]
[[95, 405]]
[[95, 404]]
[[102, 397]]
[[103, 397]]
[[105, 395]]
[[106, 395]]
[[108, 393]]
[[109, 393]]
[[110, 392]]
[[111, 392]]
[[112, 391]]
[[114, 391]]
[[115, 390]]
[[117, 390]]
[[118, 389]]
[[123, 389]]
[[124, 388]]
[[141, 388]]
[[142, 387]]
[[145, 387]]
[[146, 386]]
[[148, 386]]
[[149, 385]]
[[150, 385]]
[[151, 384]]
[[152, 384]]
[[153, 383]]
[[154, 383]]
[[155, 382]]
[[156, 382]]
[[158, 380]]
[[159, 380]]
[[160, 379]]
[[161, 379]]
[[164, 376]]
[[165, 376]]
[[170, 371]]
[[171, 371]]
[[175, 367]]
[[175, 366]]
[[174, 365]]
[[174, 364]]
[[167, 357]]
[[166, 357]]
[[161, 362]]
[[160, 362]]
[[157, 365]]
[[156, 365]]
[[153, 368]]
[[152, 368]]
[[150, 370]]
[[149, 370]]
[[148, 371]]
[[147, 371]]
[[146, 372]]
[[145, 372]]
[[144, 373]]
[[143, 373]]
[[142, 374]]
[[140, 374]]
[[139, 375]]
[[121, 375]]
[[120, 376]]
[[115, 376]]
[[114, 377]]
[[111, 377]]
[[110, 378]]
[[109, 378]]
[[108, 379]]
[[106, 379]]
[[105, 380]]
[[104, 380]]
[[103, 381]]
[[102, 381]]
[[101, 382]]
[[100, 382]]
[[98, 384]]
[[97, 384]]
[[94, 387]]
[[93, 387]]
[[86, 394]]
[[86, 395]]
[[82, 399]]
[[82, 400]]
[[80, 402]]
[[80, 403]]
[[78, 405]]
[[78, 406]]
[[75, 409]]
[[64, 398]]
[[64, 397]]
[[59, 392]]
[[59, 391]]
[[55, 387]]
[[55, 386]]
[[52, 383]]
[[52, 382]]
[[50, 380]]
[[50, 379]]
[[47, 376]]
[[47, 375]]
[[45, 373]]
[[45, 372]]
[[43, 370]]
[[43, 369]]
[[41, 367]]
[[41, 366]]
[[40, 365]]
[[40, 364]]
[[39, 363]]
[[39, 362]]
[[37, 360]]
[[37, 359]]
[[36, 358]]
[[36, 357]]
[[35, 356]]
[[35, 355]]
[[34, 354]]
[[34, 353]]
[[32, 351]]
[[32, 350]]
[[31, 349]]
[[31, 348]]
[[30, 347]]
[[30, 345]]
[[28, 343]]
[[28, 341]]
[[27, 340]]
[[27, 339]]
[[26, 338]]
[[26, 337]]
[[25, 336]]
[[25, 334]]
[[24, 333]]
[[24, 332]]
[[23, 331]]
[[23, 330]]
[[22, 329]]
[[22, 327]]
[[21, 326]]
[[21, 324]]
[[20, 323]]
[[20, 322]]
[[19, 321]]
[[19, 319]]
[[18, 318]]
[[18, 316]]
[[17, 315]]
[[17, 313]]
[[16, 312]]
[[16, 309]]
[[15, 308]]
[[15, 306]]
[[14, 305]]
[[14, 302]]
[[13, 301]]
[[13, 298]]
[[12, 297]]
[[12, 293]]
[[11, 292]]
[[11, 289]]
[[10, 288]]
[[10, 284]]
[[9, 283]]
[[9, 277]]
[[8, 276]]
[[8, 270]]
[[7, 269]]
[[7, 258]]
[[6, 257]]
[[6, 256]]
[[7, 255]]
[[109, 255]]
[[110, 256]]
[[112, 256]]
[[113, 257]]
[[115, 257]]
[[116, 258]]
[[117, 258]]
[[118, 259]]
[[119, 259]]
[[121, 261]]
[[122, 261]]
[[130, 269]]
[[130, 270]]
[[132, 272]]
[[132, 274]]
[[133, 275]]
[[133, 276]]
[[134, 277]]
[[134, 279]]
[[135, 280]]
[[135, 284]]
[[136, 285]]
[[136, 292]]
[[135, 293]]
[[135, 297]]
[[134, 298]]
[[134, 300]]
[[133, 301]]
[[133, 302]]
[[132, 303]]
[[132, 304]]
[[131, 305]]
[[131, 306]]
[[129, 308]]
[[129, 309]]
[[123, 315]]
[[122, 315]]
[[119, 318]]
[[118, 318]]
[[117, 319]]
[[116, 319]]
[[115, 320]]
[[113, 320]]
[[112, 321]]
[[109, 321]]
[[108, 322]]
[[96, 322]]
[[95, 321]]
[[92, 321]]
[[91, 320]]
[[89, 320]]
[[88, 319]]
[[87, 319]]
[[86, 318]]
[[85, 318]]
[[83, 316]]
[[82, 316]]
[[76, 310]]
[[76, 309]]
[[73, 306]]
[[73, 305]]
[[72, 304]]
[[72, 303]]
[[71, 302]]
[[71, 301]]
[[70, 300]]
[[70, 298]]
[[69, 297]]
[[69, 291]]
[[68, 290]]
[[68, 289]]
[[55, 289]]
[[55, 294]]
[[56, 295]]
[[56, 299]]
[[57, 300]]
[[57, 303]]
[[58, 304]]
[[58, 305]]
[[59, 306]]
[[59, 308]]
[[60, 309]]
[[60, 310]]
[[61, 311]]
[[61, 312]]
[[63, 314]]
[[63, 315]]
[[65, 317]]
[[65, 318]]
[[72, 325]]
[[73, 325]]
[[76, 328]]
[[77, 328]]
[[78, 329]]
[[79, 329]]
[[81, 331]]
[[83, 331]]
[[84, 332]]
[[85, 332]]
[[86, 333]]
[[88, 333]]
[[89, 334]]
[[92, 334]]
[[93, 335]]
[[100, 335]]
[[101, 336]]
[[103, 336]]
[[104, 335]]
[[111, 335]]
[[112, 334]]
[[115, 334]]
[[116, 333]]
[[118, 333]]
[[119, 332]]
[[121, 332]]
[[122, 331]]
[[123, 331]]
[[124, 330]]
[[125, 330]]
[[127, 328]]
[[128, 328]]
[[130, 326]]
[[131, 326]]
[[139, 318]]
[[139, 317]]
[[142, 314]]
[[142, 313]]
[[143, 312]]
[[143, 311]]
[[144, 310]]
[[144, 309]]
[[145, 308]]
[[145, 307]]
[[146, 306]]
[[146, 304]]
[[147, 303]]
[[147, 301]]
[[148, 300]]
[[148, 296]]
[[149, 295]]
[[149, 281]]
[[148, 280]]
[[148, 277]]
[[147, 276]]
[[147, 273]]
[[146, 272]]
[[146, 271]]
[[145, 270]]
[[145, 268]]
[[143, 266]]
[[143, 265]]
[[142, 264]]
[[142, 263]]
[[140, 261]]
[[140, 260]]
[[130, 250]]
[[129, 250]]
[[127, 248]]
[[126, 248]]
[[125, 247]]
[[124, 247]]
[[123, 246]]
[[122, 246]]
[[121, 245]]
[[119, 245]]
[[118, 244]]
[[117, 244]]
[[116, 243]]
[[113, 243]]
[[112, 242]]
[[107, 242]]
[[106, 241]]
[[7, 241]]
[[6, 240]]
[[6, 224]]
[[7, 223]]
[[7, 214]]
[[8, 213]]
[[8, 206]]
[[9, 205]]
[[9, 200]]
[[10, 199]]
[[10, 195]]
[[11, 194]]
[[11, 190]]
[[12, 189]]
[[12, 186]]
[[13, 185]]
[[13, 182]]
[[14, 181]]
[[14, 178]]
[[15, 177]]
[[15, 175]]
[[16, 174]]
[[16, 171]]
[[17, 170]]
[[17, 168]]
[[18, 167]]
[[18, 165]]
[[19, 164]]
[[19, 162]]
[[20, 161]]
[[20, 160]]
[[21, 159]]
[[21, 157]]
[[22, 156]]
[[22, 154]]
[[23, 153]]
[[23, 152]]
[[24, 151]]
[[24, 149]]
[[25, 148]]
[[25, 147]]
[[26, 146]]
[[26, 145]]
[[27, 144]]
[[27, 143]]
[[28, 142]]
[[28, 140]]
[[29, 139]]
[[29, 138]]
[[30, 137]]
[[30, 136]]
[[31, 135]]
[[31, 134]]
[[32, 133]]
[[32, 132]]
[[33, 131]]
[[33, 130]]
[[34, 129]]
[[34, 128]]
[[36, 126]]
[[36, 125]]
[[37, 124]]
[[37, 123]]
[[38, 122]]
[[38, 121]]
[[40, 119]]
[[40, 118]]
[[42, 116]]
[[42, 115]]
[[43, 114]]
[[43, 113]]
[[45, 111]]
[[45, 110]]
[[47, 108]]
[[47, 107]]
[[48, 106]]
[[49, 106]]
[[50, 107]]
[[50, 109]]
[[51, 110]]
[[51, 112]]
[[52, 113]]
[[52, 114]]
[[53, 115]]
[[53, 117]]
[[55, 119]]
[[55, 120]]
[[56, 121]]
[[56, 122]]
[[58, 124]]
[[58, 125]]
[[61, 128]]
[[61, 129]]
[[68, 136]]
[[69, 136]]
[[73, 140]]
[[74, 140]]
[[76, 142]]
[[77, 142]]
[[78, 143]]
[[79, 143]]
[[80, 144]]
[[81, 144]]
[[82, 145]]
[[83, 145]]
[[84, 146]]
[[85, 146]]
[[86, 147]]
[[88, 147]]
[[89, 148]]
[[91, 148]]
[[92, 149]]
[[95, 149]]
[[96, 150]]
[[101, 150]]
[[102, 151]]
[[102, 148]]
[[103, 147]]
[[103, 139]]
[[104, 138]]
[[103, 137]]
[[99, 137]]
[[98, 136]]
[[95, 136]]
[[94, 135]]
[[93, 135]]
[[92, 134]]
[[90, 134]]
[[89, 133]]
[[88, 133]]
[[87, 132]]
[[86, 132]]
[[85, 131]]
[[84, 131]]
[[82, 129]]
[[81, 129]]
[[79, 127]]
[[78, 127]]
[[71, 120]]
[[71, 119]]
[[69, 117]]
[[69, 116]]
[[67, 114]]
[[67, 113]]
[[65, 111]]
[[65, 109]]
[[64, 108]]
[[64, 107]]
[[63, 106]]
[[63, 104]]
[[62, 103]]
[[62, 101]]
[[61, 100]]
[[61, 95]]
[[60, 94]]
[[60, 90]]
[[64, 86]]
[[64, 85]]
[[89, 60]]
[[90, 60]]
[[94, 56]]
[[95, 56]]
[[99, 52]]
[[100, 52]]
[[103, 49]]
[[104, 49]]
[[107, 46]]
[[108, 46]]
[[110, 44]]
[[111, 44]]
[[113, 42]]
[[114, 42]]
[[116, 40]]
[[117, 40]]
[[118, 39]]
[[119, 39]]
[[121, 37]]
[[122, 37]]
[[124, 35]]
[[125, 35]]
[[126, 34]]
[[127, 34]]
[[128, 33]]
[[129, 33]]
[[130, 32]]
[[131, 32]]
[[133, 30]]
[[134, 30]]
[[135, 29]]
[[136, 29]]
[[137, 28]]
[[138, 28]]
[[139, 27]]
[[140, 27]]
[[141, 26]]
[[142, 26]]
[[143, 25]]
[[144, 25]]
[[145, 24]]
[[147, 24]]
[[148, 23]]
[[149, 23]]
[[150, 22]]
[[151, 22]]
[[152, 21]]
[[154, 21]]
[[155, 20]]
[[156, 20]]
[[157, 19]]
[[159, 19]]
[[160, 18]]
[[162, 18]]
[[163, 17]]
[[164, 17]]
[[165, 16]]
[[167, 16]]
[[168, 15]]
[[170, 15]]
[[171, 14]]
[[173, 14]]
[[174, 13]]
[[177, 13]]
[[178, 12]]
[[180, 12]]
[[181, 11]]
[[184, 11]]
[[185, 10]]
[[188, 10]]
[[189, 9]]
[[193, 9]]
[[194, 8]]
[[202, 8]]
[[203, 9]]
[[204, 9]]
[[210, 15]]
[[210, 16]]
[[211, 17]]
[[211, 18]]
[[212, 19]]
[[212, 20]]
[[213, 21]]
[[213, 22]]
[[214, 23]]
[[214, 25]]
[[215, 26]]
[[215, 28]]
[[216, 29]]
[[216, 33]]
[[217, 34]]
[[217, 38]]
[[218, 39]]
[[218, 45]]
[[219, 46]]
[[219, 57]]
[[220, 58]]
[[220, 68]]
[[221, 69]]
[[221, 71]]
[[222, 72]]
[[222, 74]]
[[224, 76]]
[[224, 77]]
[[229, 82]]
[[230, 82]]
[[231, 83]]
[[232, 83]]
[[233, 84]]
[[236, 84]]
[[237, 85]]
[[245, 85]]
[[246, 84]]
[[249, 84]]
[[250, 83]]
[[251, 83]]
[[252, 82]]
[[253, 82]]
[[259, 76]]
[[259, 75]]
[[260, 74]]
[[260, 73]]
[[261, 72]]
[[261, 70]]
[[262, 69]]
[[262, 65]]
[[263, 64]]
[[263, 47]]
[[264, 46]]
[[264, 40]]
[[265, 39]]
[[265, 35]]
[[266, 34]]
[[266, 30]]
[[267, 29]]
[[267, 27]]
[[268, 26]]
[[268, 24]]
[[269, 23]]
[[269, 21]]
[[270, 20]]
[[270, 19]]
[[271, 18]]
[[271, 17]]
[[273, 15]]
[[273, 14]]
[[278, 9]]
[[279, 9]]
[[280, 8]]
[[284, 8]]
[[285, 7]]
[[286, 8]]
[[290, 8]]
[[291, 9]]
[[294, 9]]
[[295, 10]]
[[298, 10]]
[[299, 11]]
[[302, 11]]
[[303, 12]]
[[306, 12]]
[[307, 13]]
[[309, 13]]
[[310, 14]]
[[312, 14]]
[[313, 15]]
[[315, 15]]
[[316, 16]]
[[318, 16]]
[[319, 17]]
[[321, 17]]
[[322, 18]]
[[324, 18]]
[[325, 19]]
[[326, 19]]
[[327, 20]]
[[328, 20]]
[[329, 21]]
[[331, 21]]
[[332, 22]]
[[333, 22]]
[[334, 23]]
[[336, 23]]
[[337, 24]]
[[338, 24]]
[[339, 25]]
[[340, 25]]
[[341, 26]]
[[342, 26]]
[[343, 27]]
[[344, 27]]
[[345, 28]]
[[346, 28]]
[[347, 29]]
[[348, 29]]
[[349, 30]]
[[350, 30]]
[[351, 31]]
[[352, 31]]
[[353, 32]]
[[354, 32]]
[[356, 34]]
[[357, 34]]
[[358, 35]]
[[359, 35]]
[[360, 36]]
[[361, 36]]
[[363, 38]]
[[364, 38]]
[[366, 40]]
[[367, 40]]
[[368, 41]]
[[369, 41]]
[[372, 44]]
[[373, 44]]
[[374, 45]]
[[375, 45]]
[[378, 48]]
[[379, 48]]
[[382, 51]]
[[383, 51]]
[[386, 54]]
[[387, 54]]
[[392, 59]]
[[393, 59]]
[[400, 66]]
[[401, 66]]
[[413, 78]]
[[413, 79]]
[[414, 79]]
[[415, 80]]
[[415, 81]]
[[422, 88]]
[[422, 89]]
[[423, 90]]
[[423, 96]]
[[422, 97]]
[[422, 101]]
[[421, 102]]
[[421, 104]]
[[420, 105]]
[[420, 107]]
[[419, 108]]
[[419, 109]]
[[418, 110]]
[[418, 111]]
[[417, 112]]
[[417, 113]]
[[416, 114]]
[[416, 115]]
[[413, 118]]
[[413, 119]]
[[404, 128]]
[[403, 128]]
[[401, 130]]
[[400, 130]]
[[399, 131]]
[[398, 131]]
[[396, 133]]
[[394, 133]]
[[393, 134]]
[[392, 134]]
[[391, 135]]
[[389, 135]]
[[388, 136]]
[[385, 136]]
[[384, 137]]
[[380, 137]]
[[380, 144]]
[[381, 145]]
[[381, 150]]
[[387, 150]]
[[388, 149]]
[[391, 149]]
[[392, 148]]
[[394, 148]]
[[395, 147]]
[[397, 147]]
[[398, 146]]
[[399, 146]]
[[400, 145]]
[[401, 145]]
[[402, 144]]
[[403, 144]]
[[404, 143]]
[[405, 143]]
[[406, 142]]
[[407, 142]]
[[408, 141]]
[[409, 141]]
[[412, 138]]
[[413, 138]]
[[423, 128]]
[[423, 127]]
[[426, 124]]
[[426, 123]]
[[428, 121]]
[[428, 120]]
[[429, 119]]
[[429, 118]]
[[430, 117]]
[[430, 116]]
[[431, 115]]
[[431, 114]]
[[432, 113]]
[[432, 111]]
[[433, 110]]
[[433, 109]]
[[434, 108]]
[[434, 107]]
[[435, 106]]
[[437, 108]]
[[437, 109]]
[[439, 111]]
[[439, 112]]
[[441, 114]]
[[441, 115]]
[[442, 116]]
[[442, 117]]
[[444, 119]]
[[444, 120]]
[[445, 121]]
[[445, 122]]
[[447, 124]]
[[447, 125]]
[[448, 126]]
[[448, 127]]
[[449, 128]]
[[449, 129]]
[[450, 130]]
[[450, 131]]
[[451, 132]]
[[451, 133]]
[[452, 134]]
[[452, 135]]
[[453, 136]]
[[453, 137]]
[[454, 138]]
[[454, 139]]
[[455, 140]]
[[455, 141]]
[[456, 142]]
[[456, 143]]
[[457, 144]]
[[457, 145]]
[[458, 146]]
[[458, 148]]
[[459, 149]]
[[459, 150]]
[[460, 151]]
[[460, 153]]
[[461, 154]]
[[461, 155]]
[[462, 156]]
[[462, 158]]
[[463, 159]]
[[463, 161]]
[[464, 162]]
[[464, 163]]
[[465, 164]]
[[465, 166]]
[[466, 167]]
[[466, 169]]
[[467, 170]]
[[467, 172]]
[[468, 173]]
[[468, 176]]
[[469, 177]]
[[469, 180]]
[[470, 181]]
[[470, 183]]
[[471, 184]]
[[471, 188]]
[[472, 189]]
[[472, 192]]
[[473, 193]]
[[473, 197]]
[[474, 198]]
[[474, 203]]
[[475, 204]]
[[475, 210]]
[[476, 211]]
[[476, 219]]
[[476, 1]]
****************************************************************************************************
contours_list
