contours list
[[[ 10  18]]

 [[ 10 249]]

 [[251 249]]

 [[251  18]]]
****************************************************************************************************
contours list
[[[ 10  18]]

 [[ 10 249]]

 [[251 249]]

 [[251  18]]]
****************************************************************************************************
contours list
[[[ 10  18]]

 [[ 10 249]]

 [[251 249]]

 [[251  18]]]
****************************************************************************************************
